tonality	0.0	[62, 64, 65, 67, 69, 70, 72]
grouping	0.0	[58, 62, 65]
surface	0.0	[69, 50, 38]
reduction	0.0	[69, 50, 54, 57, 38]
surface	1.0	[69, 54, 57, 38]
surface	2.0	[69, 45, 54, 57]
surface	3.0	[69, 54, 57, 45]
surface	4.0	[55, 43]
reduction	4.0	[70, 55, 58, 62, 43]
surface	5.0	[70, 58, 62, 43]
surface	6.0	[65, 46, 58, 62]
reduction	6.0	[65, 55, 58, 62, 43]
surface	7.0	[65, 58, 62, 46]
surface	8.0	[64, 55, 60, 48]
reduction	8.0	[64, 55, 60, 48]
surface	9.0	[69, 55, 60, 48]
surface	10.0	[64, 55, 60, 48]
surface	11.0	[64, 55, 60, 48]
surface	12.0	[62, 53, 56, 47]
reduction	12.0	[62, 65, 53, 56, 47]
surface	13.0	[65, 53, 56, 47]
surface	14.0	[68, 50, 59, 44]
reduction	14.0	[65, 68, 50, 59, 44]
surface	15.0	[65, 50, 59, 44]
surface	16.0	[64, 57, 61, 45]
reduction	16.0	[64, 57, 61, 45]
surface	18.0	[62, 56, 59, 40]
reduction	18.0	[62, 65, 56, 59, 40]
surface	19.0	[65, 56, 59, 40]
surface	20.0	[61, 64, 57, 45]
reduction	20.0	[61, 64, 52, 57, 45]
grouping	21.0	[58, 62]
surface	21.0	[61, 64, 52, 45]
surface	22.0	[61, 64, 57, 45]
surface	24.0	[69, 50, 38]
reduction	24.0	[69, 50, 54, 57, 38]
surface	25.0	[69, 54, 57, 38]
surface	26.0	[69, 45, 54, 57]
surface	27.0	[69, 54, 57, 45]
surface	28.0	[55, 43]
reduction	28.0	[70, 55, 58, 62, 43]
surface	29.0	[70, 58, 62, 43]
surface	30.0	[65, 46, 58, 62]
reduction	30.0	[65, 55, 58, 62, 43]
surface	31.0	[65, 58, 62, 46]
surface	32.0	[64, 55, 60, 48]
reduction	32.0	[64, 55, 60, 48]
surface	33.0	[69, 55, 60, 48]
surface	34.0	[64, 55, 60, 48]
surface	35.0	[64, 55, 60, 48]
surface	36.0	[62, 53, 56, 47]
reduction	36.0	[62, 65, 53, 56, 47]
surface	37.0	[65, 53, 56, 47]
surface	38.0	[68, 50, 59, 44]
reduction	38.0	[65, 68, 50, 59, 44]
surface	39.0	[65, 50, 59, 44]
surface	40.0	[64, 57, 61, 45]
reduction	40.0	[64, 57, 61, 45]
surface	42.0	[62, 56, 59, 40]
reduction	42.0	[62, 65, 56, 59, 40]
surface	42.6666666667	[64, 56, 59, 40]
surface	43.3333333333	[65, 56, 59, 40]
surface	44.0	[61, 64, 57, 45]
reduction	44.0	[61, 64, 52, 57, 45]
grouping	45.0	[58, 62, 65]
surface	45.0	[61, 64, 52, 45]
surface	46.0	[61, 64, 57, 45]
surface	47.0	[69, 57, 45]
surface	48.0	[74, 50, 53, 57, 38]
reduction	48.0	[69, 72, 74, 50, 53, 57, 38]
surface	48.6666666667	[72, 50, 53, 57, 38]
surface	49.3333333333	[69, 50, 53, 57, 38]
surface	50.0	[74, 38, 50, 53, 57]
surface	50.6666666667	[72, 38, 50, 53, 57]
surface	51.3333333333	[69, 38, 50, 53, 57]
surface	52.0	[76, 50, 53, 57, 38]
reduction	52.0	[74, 50, 53, 57, 62, 38]
surface	53.0	[74, 53, 38]
surface	54.0	[74, 57, 62, 38]
surface	55.0	[74, 53, 38]
surface	56.0	[60, 63, 41]
reduction	56.0	[65, 70, 60, 63, 41]
surface	56.5	[70, 60, 63, 41]
surface	57.0	[70, 60, 63, 41]
surface	57.5	[69, 60, 63, 41]
surface	58.0	[70, 41, 60, 63]
surface	59.0	[65, 41, 60, 63]
surface	60.0	[65, 58, 62, 46]
reduction	60.0	[65, 58, 62, 46]
grouping	61.0	[58]
surface	61.0	[65, 58, 62, 46]
surface	62.0	[65, 46, 58, 62]
surface	63.0	[65, 58, 62, 46]
surface	64.0	[55, 57, 61, 45]
reduction	64.0	[69, 55, 57, 61, 45]
surface	64.5	[69, 55, 57, 61, 45]
surface	65.0	[69, 55, 57, 61, 45]
surface	65.5	[69, 55, 57, 61, 45]
surface	66.0	[74, 53, 62, 45]
reduction	66.0	[74, 53, 62, 45]
surface	67.0	[69, 55, 61, 45]
reduction	67.0	[69, 55, 61, 45]
surface	68.0	[67, 53, 62, 38]
reduction	68.0	[65, 53, 62, 38]
surface	68.5	[65, 53, 62, 38]
surface	70.0	[65, 55, 58, 43]
reduction	70.0	[67, 55, 58, 43]
surface	70.5	[65, 55, 58, 43]
surface	71.0	[67, 55, 58, 43]
surface	72.0	[65, 69, 50, 38]
reduction	72.0	[65, 69, 50, 57, 38]
surface	73.0	[65, 69, 57, 38]
surface	74.0	[65, 69, 49, 37]
reduction	74.0	[65, 69, 49, 57, 37]
surface	75.0	[65, 69, 57, 37]
surface	76.0	[65, 69, 48, 36]
reduction	76.0	[65, 69, 48, 57, 36]
surface	77.0	[65, 69, 57, 36]
surface	78.0	[65, 69, 47]
reduction	78.0	[65, 69, 57, 47]
surface	79.0	[65, 69, 57, 47]
surface	80.0	[69, 46]
reduction	80.0	[62, 69, 53, 46]
surface	81.0	[69, 53, 46]
surface	82.0	[67, 55, 58, 43]
reduction	82.0	[62, 67, 55, 58, 43]
surface	83.0	[65, 55, 58, 43]
surface	84.0	[61, 64, 57, 45]
reduction	84.0	[61, 64, 52, 57, 45]
grouping	85.0	[58, 62]
surface	85.0	[61, 64, 52, 45]
surface	86.0	[61, 64, 57, 45]
surface	88.0	[50, 54, 57, 38]
reduction	88.0	[69, 50, 54, 57, 38]
surface	89.0	[69, 50, 54, 57, 38]
surface	90.0	[72, 38, 50, 54, 57]
surface	91.0	[74, 38, 50, 54, 57]
surface	92.0	[74, 55, 58, 43]
reduction	92.0	[74, 53, 55, 58, 43]
surface	93.0	[74, 53, 43]
surface	94.0	[74, 55, 58, 43]
surface	95.0	[74, 53, 43]
surface	96.0	[72, 55, 58, 48]
reduction	96.0	[72, 52, 55, 58, 48]
surface	97.0	[72, 52, 48]
surface	98.0	[72, 55, 58, 48]
surface	99.0	[52, 48]
surface	100.0	[53, 56, 47]
reduction	100.0	[62, 65, 53, 56, 47]
surface	101.0	[62, 53, 56, 47]
surface	101.5	[64, 53, 56, 47]
surface	102.0	[65, 53, 56, 47]
surface	103.0	[62, 53, 56, 47]
surface	104.0	[52, 55, 45]
reduction	104.0	[61, 64, 69, 52, 55, 45]
grouping	105.0	[58, 62, 65]
surface	105.0	[61, 52, 55, 45]
surface	105.5	[62, 52, 55, 45]
surface	106.0	[64, 52, 55, 45]
surface	107.0	[69, 52, 55, 45]
surface	108.0	[69, 50, 38]
reduction	108.0	[69, 50, 53, 57, 38]
surface	109.0	[69, 54, 57, 38]
surface	110.0	[69, 45, 54, 57]
reduction	110.0	[69, 50, 53, 57, 38]
surface	111.0	[69, 54, 57, 45]
surface	112.0	[55, 43]
reduction	112.0	[70, 55, 58, 62, 43]
surface	113.0	[70, 58, 62, 43]
surface	114.0	[65, 46, 58, 62]
reduction	114.0	[65, 55, 58, 62, 43]
surface	115.0	[65, 58, 62, 46]
surface	116.0	[64, 55, 60, 48]
reduction	116.0	[64, 55, 60, 48]
surface	117.0	[69, 55, 60, 48]
reduction	117.0	[69, 55, 60, 48]
surface	118.0	[64, 55, 60, 48]
reduction	118.0	[64, 55, 60, 48]
surface	119.0	[64, 55, 60, 48]
surface	120.0	[62, 53, 56, 47]
reduction	120.0	[62, 65, 53, 56, 47]
surface	121.0	[65, 53, 56, 47]
surface	122.0	[68, 50, 59, 44]
reduction	122.0	[65, 68, 50, 59, 44]
surface	123.0	[65, 50, 59, 44]
surface	124.0	[64, 57, 61, 45]
reduction	124.0	[64, 57, 61, 45]
surface	126.0	[62, 56, 59, 40]
reduction	126.0	[62, 65, 56, 59, 40]
surface	126.666666667	[64, 56, 59, 40]
surface	127.333333333	[65, 56, 59, 40]
surface	128.0	[61, 64, 57, 45]
reduction	128.0	[61, 64, 52, 57, 45]
grouping	129.0	[60]
surface	129.0	[61, 64, 52, 45]
surface	130.0	[61, 64, 57, 45]
surface	131.0	[62]
surface	131.5	[64]
surface	132.0	[65, 53, 57, 38]
reduction	132.0	[62, 65, 53, 57, 38]
surface	133.0	[62, 53, 57, 38]
surface	134.0	[67, 57, 61, 45]
reduction	134.0	[64, 67, 57, 61, 45]
surface	135.0	[64, 57, 61, 45]
surface	136.0	[65, 53, 57, 38]
reduction	136.0	[62, 65, 53, 57, 38]
surface	137.0	[62, 53, 57, 38]
surface	138.0	[67, 55, 58, 43]
reduction	138.0	[64, 67, 55, 58, 43]
surface	139.5	[64, 55, 58, 43]
surface	140.0	[65, 53, 57, 38]
reduction	140.0	[65, 53, 57, 38]
surface	142.0	[64, 55, 58, 43]
reduction	142.0	[62, 55, 58, 43]
surface	143.0	[62, 55, 58, 43]
surface	144.0	[61, 55, 57, 45]
reduction	144.0	[61, 55, 57, 45]
surface	146.0	[62, 53, 57, 45]
reduction	146.0	[62, 53, 57, 45]
surface	147.0	[64, 55, 57, 45]
reduction	147.0	[64, 55, 57, 45]
surface	148.0	[62, 54, 57, 38]
reduction	148.0	[62, 54, 57, 38]
surface	150.0	[62, 55, 58, 43]
reduction	150.0	[62, 55, 58, 43]
surface	151.0	[62, 52, 55, 43]
reduction	151.0	[62, 52, 55, 43]
surface	152.0	[62, 54, 57, 38]
reduction	152.0	[62, 54, 57, 38]
