tonality	0.0	[67, 69, 71, 72, 74, 76, 78]
grouping	0.0	[64, 67, 71]
surface	0.0	[71, 55, 59, 62, 43]
reduction	0.0	[71, 55, 59, 62, 43]
surface	1.5	[71, 55, 59, 62, 43]
surface	2.0	[72, 55, 59, 62, 43]
surface	3.0	[71, 55, 59, 62, 43]
surface	4.0	[67, 50, 55, 59, 43]
reduction	4.0	[67, 50, 55, 59, 43]
surface	5.0	[62, 50, 55, 59, 43]
surface	5.5	[64, 50, 55, 59, 43]
surface	6.0	[69, 50, 55, 59, 43]
surface	6.5	[67, 50, 55, 59, 43]
surface	8.0	[65, 38]
reduction	8.0	[65, 50, 57, 60, 38]
surface	9.0	[65, 50, 57, 60, 38]
surface	10.0	[65, 50, 57, 60, 38]
surface	10.6666666667	[67, 50, 57, 60, 38]
surface	11.3333333333	[69, 50, 57, 60, 38]
surface	12.0	[62, 38]
reduction	12.0	[62, 50, 53, 57, 38]
surface	13.0	[62, 50, 38]
surface	14.0	[53, 38]
surface	15.0	[57, 38]
surface	16.0	[50, 56, 59, 40]
reduction	16.0	[50, 56, 59, 40]
surface	18.0	[65, 50, 56, 59, 40]
reduction	18.0	[65, 50, 56, 59, 40]
surface	18.6666666667	[67, 50, 56, 59, 40]
surface	19.3333333333	[68, 50, 56, 59, 40]
surface	20.0	[62, 40]
reduction	20.0	[62, 47, 53, 56, 40]
surface	21.0	[62, 47, 40]
surface	22.0	[53, 40]
surface	23.0	[56, 40]
surface	23.5	[62, 56, 40]
grouping	24.0	[64]
surface	24.0	[74, 52, 55, 36]
reduction	24.0	[72, 52, 55, 36]
surface	24.5	[72, 52, 55, 36]
surface	25.0	[71, 52, 55, 36]
surface	25.5	[69, 52, 55, 36]
surface	26.0	[68, 52, 59, 40]
reduction	26.0	[68, 71, 52, 59, 40]
surface	26.5	[69, 52, 59, 40]
surface	27.0	[71, 52, 59, 40]
surface	28.0	[56, 40]
reduction	28.0	[56, 59, 40]
surface	28.5	[57, 40]
surface	29.0	[59, 40]
surface	30.0	[71, 48, 55, 36]
reduction	30.0	[64, 67, 71, 48, 55, 36]
surface	30.3333333333	[67, 48, 55, 36]
surface	30.6666666667	[64, 48, 55, 36]
surface	31.0	[71, 48, 55, 36]
surface	31.3333333333	[67, 48, 55, 36]
surface	31.6666666667	[62, 48, 55, 36]
surface	32.0	[69, 55, 59, 43]
reduction	32.0	[67, 55, 59, 43]
surface	32.5	[67, 55, 59, 43]
surface	33.0	[67, 55, 59, 43]
grouping	36.0	[64, 67, 71]
surface	36.0	[69, 54, 57, 62, 38]
reduction	36.0	[69, 54, 57, 62, 38]
surface	36.6666666667	[69, 54, 57, 62, 38]
surface	37.0	[69, 54, 57, 62, 38]
surface	37.3333333333	[69, 54, 57, 62, 38]
surface	38.0	[69, 54, 57, 61, 38]
reduction	38.0	[69, 54, 57, 61, 38]
surface	38.6666666667	[69, 54, 57, 61, 38]
surface	39.0	[69, 54, 57, 61, 38]
surface	39.3333333333	[69, 54, 57, 61, 38]
surface	40.0	[69, 50, 54, 60, 45]
reduction	40.0	[69, 50, 54, 60, 45]
surface	40.5	[69, 50, 54, 60, 45]
surface	41.0	[69, 50, 54, 60, 45]
surface	41.5	[69, 50, 54, 60, 45]
surface	42.0	[69, 52, 55, 48]
reduction	42.0	[69, 52, 55, 48]
surface	43.0	[69, 51, 54, 48]
reduction	43.0	[69, 51, 54, 48]
surface	44.0	[52, 55, 59, 40]
reduction	44.0	[67, 71, 52, 55, 59, 40]
surface	44.5	[67, 52, 55, 59, 40]
surface	45.0	[67, 52, 55, 59, 40]
surface	45.5	[67, 52, 55, 59, 40]
surface	46.0	[71, 50, 52, 55, 59, 38]
reduction	46.0	[67, 71, 50, 52, 55, 59, 38]
surface	46.5	[69, 50, 52, 55, 59, 38]
surface	47.0	[67, 50, 52, 55, 59, 38]
surface	47.5	[66, 50, 52, 55, 59, 38]
surface	48.0	[69, 52, 36, 48]
reduction	48.0	[67, 52, 55, 36]
surface	48.5	[67, 52, 36, 48]
surface	49.0	[67, 55, 36, 48]
surface	50.0	[52, 40, 48]
reduction	50.0	[67, 40, 52, 55]
surface	51.0	[50, 38, 48]
reduction	51.0	[67, 38, 52, 55]
grouping	52.0	[64]
surface	52.0	[48, 52, 36]
reduction	52.0	[67, 48, 52, 36]
surface	52.5	[67, 48, 52, 36]
surface	53.0	[67, 48, 52, 36]
surface	53.5	[67, 48, 52, 36]
surface	54.0	[66, 50, 60, 38]
reduction	54.0	[66, 50, 60, 38]
surface	54.5	[64, 50, 60, 38]
surface	55.0	[62, 50, 60, 38]
surface	55.5	[71, 50, 60, 38]
surface	56.0	[67, 55, 59, 43]
reduction	56.0	[67, 55, 59, 43]
surface	56.5	[67, 55, 59, 43]
surface	56.75	[67, 55, 59, 43]
surface	57.0	[67, 55, 59, 43]
surface	57.25	[69, 55, 59, 43]
surface	57.5	[67, 55, 59, 43]
surface	57.75	[66, 55, 59, 43]
surface	58.0	[64, 52, 55, 59, 40]
reduction	58.0	[64, 52, 55, 59, 40]
surface	59.0	[50, 38]
reduction	59.0	[64, 38, 52, 55, 59]
surface	60.0	[48, 52, 36]
reduction	60.0	[67, 48, 52, 36]
surface	60.5	[67, 48, 52, 36]
surface	61.0	[67, 48, 52, 36]
surface	61.5	[67, 48, 52, 36]
surface	62.0	[69, 50, 57, 38]
reduction	62.0	[66, 69, 50, 57, 38]
surface	62.5	[67, 50, 57, 38]
surface	63.0	[66, 50, 57, 38]
surface	63.5	[64, 50, 57, 38]
surface	64.0	[67, 52, 60, 36]
reduction	64.0	[67, 52, 55, 60, 36]
surface	65.0	[67, 55, 36]
surface	66.0	[67, 50, 59, 43]
reduction	66.0	[67, 50, 59, 43]
grouping	68.0	[64, 67, 71]
surface	68.0	[55, 59, 62, 43]
reduction	68.0	[71, 55, 59, 62, 43]
surface	69.0	[71, 55, 59, 62, 43]
surface	69.5	[71, 55, 59, 62, 43]
surface	70.0	[72, 55, 59, 62, 43]
surface	71.0	[71, 55, 59, 62, 43]
surface	72.0	[67, 50, 55, 59, 43]
reduction	72.0	[67, 50, 55, 59, 43]
surface	73.0	[62, 50, 55, 59, 43]
surface	73.5	[64, 50, 55, 59, 43]
surface	74.0	[69, 50, 55, 59, 43]
surface	75.0	[67, 50, 55, 59, 43]
surface	76.0	[65, 38]
reduction	76.0	[65, 50, 57, 60, 38]
surface	77.0	[65, 50, 57, 60, 38]
surface	78.0	[65, 50, 57, 60, 38]
surface	78.6666666667	[67, 50, 57, 60, 38]
surface	79.3333333333	[69, 50, 57, 60, 38]
surface	80.0	[62, 38]
reduction	80.0	[62, 50, 53, 57, 38]
surface	81.0	[62, 50, 38]
surface	82.0	[53, 38]
surface	83.0	[57, 38]
surface	84.0	[50, 56, 59, 40]
reduction	84.0	[65, 50, 56, 59, 40]
surface	86.0	[65, 50, 56, 59, 40]
surface	86.6666666667	[67, 50, 56, 59, 40]
surface	87.3333333333	[68, 50, 56, 59, 40]
surface	88.0	[62, 40]
reduction	88.0	[62, 47, 53, 56, 40]
surface	89.0	[62, 47, 40]
surface	90.0	[53, 40]
surface	91.0	[56, 40]
surface	91.5	[62, 56, 40]
grouping	92.0	[64]
surface	92.0	[74, 52, 55, 36]
reduction	92.0	[72, 52, 55, 36]
surface	92.5	[72, 52, 55, 36]
surface	93.0	[71, 52, 55, 36]
surface	93.5	[69, 52, 55, 36]
surface	94.0	[68, 52, 59, 40]
reduction	94.0	[68, 71, 52, 59, 40]
surface	94.5	[69, 52, 59, 40]
surface	95.0	[71, 52, 59, 40]
surface	96.0	[56, 40]
reduction	96.0	[56, 59, 40]
surface	96.5	[57, 40]
surface	97.0	[59, 40]
surface	98.0	[71, 48, 55, 36]
reduction	98.0	[64, 67, 71, 48, 55, 36]
surface	98.3333333333	[67, 48, 55, 36]
surface	98.6666666667	[64, 48, 55, 36]
surface	99.0	[71, 48, 55, 36]
surface	99.3333333333	[67, 48, 55, 36]
surface	99.6666666667	[62, 48, 55, 36]
surface	100.0	[69, 55, 59, 43]
reduction	100.0	[67, 55, 59, 43]
surface	100.5	[67, 55, 59, 43]
surface	101.0	[67, 55, 59, 43]
surface	102.0	[67, 52, 55, 59, 40]
reduction	102.0	[67, 52, 55, 59, 40]
grouping	104.0	[64]
surface	104.0	[71, 48, 55, 36]
reduction	104.0	[64, 67, 71, 48, 55, 36]
surface	104.5	[67, 48, 55, 36]
surface	105.0	[64, 48, 55, 36]
surface	105.5	[71, 48, 55, 36]
surface	106.0	[67, 48, 55, 36]
surface	106.5	[62, 48, 55, 36]
surface	107.0	[69, 55, 59, 43]
reduction	107.0	[67, 55, 59, 43]
surface	107.5	[67, 55, 59, 43]
surface	108.0	[67, 55, 59, 43]
surface	110.0	[71, 48, 55, 36]
reduction	110.0	[64, 67, 71, 48, 55, 36]
surface	110.5	[67, 48, 55, 36]
surface	111.0	[64, 48, 55, 36]
surface	111.5	[74, 50, 54, 60, 38]
reduction	111.5	[62, 72, 50, 54, 60, 38]
surface	112.0	[72, 50, 54, 60, 38]
surface	112.5	[62, 50, 54, 60, 38]
surface	113.0	[64, 48, 52, 55, 36]
reduction	113.0	[64, 67, 48, 52, 55, 36]
surface	113.5	[67, 48, 52, 55, 36]
surface	114.0	[67, 48, 52, 55, 36]
surface	115.0	[67, 36, 48, 52, 55]
surface	116.0	[67, 36, 48, 52, 55]
surface	117.0	[67, 71, 74, 50, 55, 59, 43]
reduction	117.0	[67, 71, 74, 50, 55, 59, 43]
