TS	2/4	
Bar	[1.75]	[57]
Grp	0.0	
Bar	[0.0, 0.25, 0.5, 0.75, 1.0, 1.25, 1.5, 1.75]	[67, 66, 64, 66, 67, 66, 64, 66]
Bar	[0.0, 1.75]	[67, 57]
Bar	[0.0, 0.25, 0.5, 0.75, 1.0, 1.25, 1.5, 1.75]	[69, 67, 66, 67, 69, 67, 66, 67]
Bar	[0.0, 1.75]	[69, 66]
Bar	[0.0, 0.25, 0.5, 1.0, 1.25, 1.5, 1.75]	[74, 73, 71, 71, 73, 74, 76]
Bar	[0.0, 0.25, 0.5, 1.0, 1.5]	[73, 71, 69, 69, 69]
Bar	[0.0, 0.25, 0.5, 0.75, 1.0, 1.25, 1.5, 1.75]	[71, 69, 67, 66, 64, 66, 67, 64]
Bar	[0.0, 1.5, 1.75]	[69, 64, 65]
Grp	0.0	
Bar	[0.0, 0.25, 0.5, 0.75, 1.0, 1.25, 1.5, 1.75]	[67, 65, 64, 65, 67, 65, 64, 65]
Bar	[0.0, 1.75]	[67, 57]
Bar	[0.0, 0.25, 0.5, 0.75, 1.0, 1.25, 1.5, 1.75]	[69, 67, 65, 67, 69, 67, 65, 67]
Bar	[0.0, 1.75]	[69, 58]
Bar	[0.0, 0.25, 0.5, 0.75, 1.0, 1.75]	[67, 65, 64, 65, 67, 64]
Bar	[0.0, 0.25, 0.5, 0.75, 1.0, 1.75]	[65, 64, 62, 64, 65, 62]
Bar	[0.0, 0.25, 0.5, 0.75, 1.0, 1.25, 1.5, 1.75]	[65, 62, 65, 67, 64, 59, 61, 57]
Bar	[0.0, 1.5, 1.75]	[62, 69, 67]
Grp	0.0	
Bar	[0.0]	[65]
Bar	[0.5, 0.75, 1.0, 1.25, 1.5, 1.75]	[65, 65, 65, 64, 62, 61]
Bar	[0.0, 0.5, 1.0, 1.75]	[64, 62, 62, 62]
Bar	[0.0, 0.25, 0.5, 0.75, 1.0, 1.25, 1.5, 1.75]	[74, 73, 72, 71, 70, 69, 67, 66]
Bar	[0.0, 1.5, 1.75]	[67, 74, 73]
Bar	[0.0, 0.25, 0.5, 0.75, 1.0, 1.25, 1.5, 1.75]	[74, 70, 74, 73, 74, 70, 74, 73]
Bar	[0.0, 0.25, 0.5, 0.75, 1.0, 1.25, 1.5, 1.75]	[74, 69, 74, 73, 72, 71, 70, 69]
Bar	[0.0, 0.25, 0.5, 0.75, 1.0, 1.25, 1.5, 1.75]	[70, 69, 69, 68, 69, 67, 67, 66]
Bar	[0.0, 0.5, 1.0, 1.5, 1.75]	[67, 65, 65, 69, 67]
Grp	0.0	
Bar	[0.0]	[65]
Bar	[0.5, 0.75, 1.0, 1.25, 1.5, 1.75]	[65, 69, 65, 64, 62, 61]
Bar	[0.0, 0.5, 1.0, 1.75]	[64, 62, 62, 62]
Bar	[0.0, 0.25, 0.5, 0.75, 1.0, 1.25, 1.5, 1.75]	[74, 73, 72, 71, 70, 69, 67, 66]
Bar	[0.0, 1.5, 1.75]	[67, 74, 73]
Bar	[0.0, 0.25, 0.5, 0.75, 1.0, 1.25, 1.5, 1.75]	[74, 70, 74, 73, 74, 70, 74, 73]
Bar	[0.0, 0.25, 0.5, 0.75, 1.0, 1.25, 1.5, 1.75]	[74, 69, 74, 73, 72, 71, 70, 69]
Bar	[0.0, 0.5, 1.25, 1.5, 1.75]	[70, 69, 67, 64, 65]
Bar	[0.0]	[62]