tonality	0.0	[68, 70, 72, 73, 75, 77, 79]
grouping	0.0	[66, 70]
surface	0.0	[68, 53, 56, 60, 63]
reduction	0.0	[68, 53, 56, 60, 63]
surface	4.0	[73, 46, 49, 53, 56]
reduction	4.0	[68, 73, 46, 49, 53, 56]
surface	7.0	[68, 46, 49, 53, 56]
surface	8.0	[67, 51, 55, 58, 61]
reduction	8.0	[67, 51, 55, 58, 61]
surface	9.0	[67, 51, 55, 58, 61]
surface	10.0	[67, 51, 55, 58, 61]
surface	11.0	[67, 51, 55, 58, 61]
surface	12.0	[67, 44, 48, 51, 55]
reduction	12.0	[67, 72, 44, 48, 51, 55]
surface	13.0	[72, 44, 48, 51, 55]
surface	15.0	[67, 44, 48, 51, 55]
tonality	16.0	[60, 62, 64, 65, 67, 69, 71]
surface	16.0	[65, 49, 53, 56, 60]
reduction	16.0	[65, 49, 53, 56, 60]
surface	17.0	[65, 49, 53, 56, 60]
surface	18.0	[65, 49, 53, 56, 60]
surface	19.0	[65, 49, 53, 56, 60]
surface	20.0	[65, 43, 47, 50, 53]
reduction	20.0	[65, 71, 43, 47, 50, 53]
surface	21.0	[71, 43, 47, 50, 53]
surface	23.0	[65, 43, 47, 50, 53]
surface	24.0	[64, 48, 52, 55, 59]
reduction	24.0	[64, 48, 52, 55, 59]
surface	28.0	[64, 48, 52, 55, 59]
reduction	28.0	[64, 48, 52, 55, 59]
tonality	32.0	[63, 65, 67, 68, 70, 72, 74]
grouping	32.0	[66, 70]
surface	32.0	[63, 48, 51, 55, 58]
reduction	32.0	[63, 48, 51, 55, 58]
surface	36.0	[68, 53, 56, 60, 63]
reduction	36.0	[63, 68, 53, 56, 60, 63]
surface	39.0	[63, 53, 56, 60, 63]
surface	40.0	[62, 46, 50, 53, 56]
reduction	40.0	[62, 46, 50, 53, 56]
surface	41.0	[62, 46, 50, 53, 56]
surface	42.0	[62, 46, 50, 53, 56]
surface	43.0	[62, 46, 50, 53, 56]
surface	44.0	[62, 51, 55, 58, 62]
reduction	44.0	[62, 67, 51, 55, 58, 62]
surface	45.0	[67, 51, 55, 58, 62]
surface	47.0	[62, 51, 55, 58, 62]
tonality	48.0	[67, 69, 71, 72, 74, 76, 78]
surface	48.0	[60, 44, 48, 51, 55]
reduction	48.0	[60, 44, 48, 51, 55]
surface	49.0	[60, 44, 48, 51, 55]
surface	50.0	[60, 44, 48, 51, 55]
surface	51.0	[60, 44, 48, 51, 55]
surface	52.0	[60, 50, 54, 57, 60]
reduction	52.0	[60, 50, 54, 57, 60]
surface	52.6666666667	[62, 50, 54, 57, 60]
surface	53.3333333333	[63, 50, 54, 57, 60]
surface	54.0	[62, 50, 54, 57, 60]
surface	55.0	[60, 50, 54, 57, 60]
surface	56.0	[59, 43, 47, 50, 54]
reduction	56.0	[59, 43, 47, 50, 54]
surface	60.0	[59, 43, 47, 50, 54]
reduction	60.0	[74, 43, 47, 50, 54]
surface	61.0	[62, 43, 47, 50, 54]
surface	62.0	[67, 43, 47, 50, 54]
surface	63.0	[74, 43, 47, 50, 54]
grouping	64.0	[69, 72]
surface	64.0	[74, 45, 48, 52, 55]
reduction	64.0	[72, 45, 48, 52, 55]
surface	66.0	[72, 45, 48, 52, 55]
surface	68.0	[72, 50, 54, 57, 60]
reduction	68.0	[72, 50, 54, 57, 60]
surface	69.0	[63, 50, 54, 57, 60]
surface	70.0	[64, 50, 54, 57, 60]
surface	71.0	[72, 50, 54, 57, 60]
surface	72.0	[71, 43, 47, 50, 54]
reduction	72.0	[71, 43, 47, 50, 54]
surface	76.0	[71, 43, 47, 50, 54]
reduction	76.0	[71, 43, 47, 50, 54]
surface	77.0	[62, 43, 47, 50, 54]
surface	78.0	[67, 43, 47, 50, 54]
surface	79.0	[71, 43, 47, 50, 54]
tonality	80.0	[64, 66, 68, 69, 71, 73, 74]
grouping	80.0	[69, 72]
surface	80.0	[71, 42, 45, 49, 52]
reduction	80.0	[69, 42, 45, 49, 52]
surface	82.0	[69, 42, 45, 49, 52]
surface	84.0	[69, 47, 51, 54, 57]
reduction	84.0	[69, 47, 51, 54, 57]
surface	85.0	[58, 47, 51, 54, 57]
surface	86.0	[59, 47, 51, 54, 57]
surface	87.0	[69, 47, 51, 54, 57]
surface	88.0	[68, 52, 56, 59, 63]
reduction	88.0	[68, 52, 56, 59, 63]
tonality	92.0	[68, 70, 72, 73, 75, 77, 79]
surface	92.0	[68, 48, 52, 56, 58]
reduction	92.0	[68, 48, 52, 56, 58]
grouping	96.0	[66, 70]
surface	96.0	[68, 53, 56, 60, 63]
reduction	96.0	[68, 53, 56, 60, 63]
surface	100.0	[73, 46, 49, 53, 56]
reduction	100.0	[68, 73, 46, 49, 53, 56]
surface	103.0	[68, 46, 49, 53, 56]
surface	104.0	[67, 51, 55, 58, 61]
reduction	104.0	[67, 51, 55, 58, 61]
surface	105.0	[67, 51, 55, 58, 61]
surface	106.0	[67, 51, 55, 58, 61]
surface	107.0	[67, 51, 55, 58, 61]
surface	108.0	[67, 44, 48, 51, 55]
reduction	108.0	[67, 72, 44, 48, 51, 55]
surface	109.0	[72, 44, 48, 51, 55]
surface	111.0	[67, 44, 48, 51, 55]
surface	112.0	[65, 49, 53, 56, 60]
reduction	112.0	[65, 49, 53, 56, 60]
surface	116.0	[75, 49, 52, 56, 59]
reduction	116.0	[73, 49, 52, 56, 59]
surface	118.0	[73, 49, 52, 56, 59]
surface	120.0	[63, 48, 51, 55, 58]
reduction	120.0	[75, 48, 51, 55, 58]
surface	121.0	[63, 48, 51, 55, 58]
surface	122.0	[63, 48, 51, 55, 58]
surface	122.666666667	[63, 48, 51, 55, 58]
surface	123.333333333	[63, 48, 51, 55, 58]
surface	124.0	[67, 47, 50, 53, 56]
reduction	124.0	[77, 47, 50, 53, 56]
surface	127.0	[65, 47, 50, 53, 56]
grouping	128.0	[66]
surface	128.0	[61, 46, 49, 53, 56]
reduction	128.0	[77, 46, 49, 53, 56]
surface	129.0	[65, 46, 49, 53, 56]
surface	130.0	[68, 46, 49, 53, 56]
surface	131.0	[73, 46, 49, 53, 56]
surface	132.0	[77, 51, 55, 58, 61]
reduction	132.0	[79, 51, 55, 58, 61]
surface	134.0	[79, 51, 55, 58, 61]
surface	136.0	[80, 44, 48, 51, 55]
reduction	136.0	[80, 44, 48, 51, 55]
surface	140.0	[80, 44, 48, 51, 55]
reduction	140.0	[80, 44, 48, 51, 55]
