tonality	0.0	[60, 62, 64, 65, 67, 69, 71]
grouping	0.0	[64, 67]
surface	0.0	[65, 43, 48, 50, 53, 56]
reduction	0.0	[65, 43, 48, 50, 53, 56]
surface	0.666666666667	[65, 43, 48, 50, 53, 56]
surface	1.33333333333	[65, 43, 48, 50, 53, 56]
surface	2.0	[63, 43, 48, 50, 53, 56]
surface	3.0	[64, 43, 48, 50, 53, 56]
surface	4.0	[64, 48, 52, 55, 59]
reduction	4.0	[64, 48, 52, 55, 59]
surface	8.0	[65, 50, 53, 56, 60]
reduction	8.0	[65, 50, 53, 56, 60]
surface	8.66666666667	[65, 50, 53, 56, 60]
surface	9.33333333333	[65, 50, 53, 56, 60]
surface	10.0	[63, 50, 53, 56, 60]
surface	11.0	[64, 50, 53, 56, 60]
surface	12.0	[64, 43, 47, 50, 53]
reduction	12.0	[64, 43, 47, 50, 53]
grouping	16.0	[64]
surface	16.0	[62, 48, 52, 55, 59]
reduction	16.0	[62, 48, 52, 55, 59]
surface	16.6666666667	[62, 48, 52, 55, 59]
surface	17.3333333333	[62, 48, 52, 55, 59]
surface	18.0	[59, 48, 52, 55, 59]
surface	19.0	[60, 48, 52, 55, 59]
surface	20.0	[60, 48, 52, 55, 59]
reduction	20.0	[60, 48, 52, 55, 59]
surface	21.0	[64, 48, 52, 55, 59]
surface	22.0	[67, 48, 52, 55, 59]
surface	23.0	[71, 48, 52, 55, 59]
surface	23.5	[74, 48, 52, 55, 59]
surface	24.0	[74, 43, 46, 50, 53]
reduction	24.0	[74, 43, 46, 50, 53]
surface	28.0	[74, 48, 52, 55, 58]
reduction	28.0	[74, 48, 52, 55, 58]
grouping	32.0	[64, 67]
surface	32.0	[74, 41, 45, 48, 52]
reduction	32.0	[74, 41, 45, 48, 52]
surface	32.6666666667	[74, 41, 45, 48, 52]
surface	33.3333333333	[74, 41, 45, 48, 52]
surface	34.0	[71, 41, 45, 48, 52]
surface	35.0	[72, 41, 45, 48, 52]
surface	36.0	[72, 41, 45, 48, 52]
reduction	36.0	[72, 41, 45, 48, 52]
surface	40.0	[74, 47, 50, 53, 56]
reduction	40.0	[74, 47, 50, 53, 56]
surface	40.6666666667	[74, 47, 50, 53, 56]
surface	41.3333333333	[74, 47, 50, 53, 56]
surface	42.0	[71, 40, 44, 47, 50]
reduction	42.0	[74, 40, 44, 47, 50]
surface	43.0	[72, 40, 44, 47, 50]
surface	44.0	[72, 45, 48, 52, 55]
reduction	44.0	[72, 45, 48, 52, 55]
grouping	48.0	[64]
surface	48.0	[72, 42, 45, 48, 52]
reduction	48.0	[72, 42, 45, 48, 52]
surface	48.6666666667	[72, 42, 45, 48, 52]
surface	49.3333333333	[72, 42, 45, 48, 52]
surface	50.0	[69, 42, 45, 48, 52]
surface	51.0	[71, 42, 45, 48, 52]
surface	52.0	[71, 47, 51, 54, 57, 60]
reduction	52.0	[71, 47, 51, 54, 57, 60]
surface	54.0	[72, 47, 51, 54, 57, 60]
surface	56.0	[76, 47, 50, 54, 57]
reduction	56.0	[76, 47, 50, 54, 57]
surface	58.0	[76, 40, 44, 47, 50]
reduction	58.0	[76, 40, 44, 47, 50]
surface	60.0	[76, 40, 43, 46, 50]
reduction	60.0	[76, 40, 43, 46, 50]
surface	62.0	[76, 45, 49, 52, 55, 58]
reduction	62.0	[76, 45, 49, 52, 55, 58]
surface	64.0	[76, 42, 45, 48, 52]
reduction	64.0	[76, 42, 45, 48, 52]
surface	66.0	[74, 41, 44, 47, 50]
reduction	66.0	[74, 41, 44, 47, 50]
surface	66.5	[70, 41, 44, 47, 50]
surface	67.0	[71, 41, 44, 47, 50]
surface	67.5	[74, 41, 44, 47, 50]
surface	68.0	[72, 40, 43, 48]
reduction	68.0	[72, 40, 43, 48]
surface	69.0	[72, 40, 43, 48]
surface	70.0	[72, 39, 42, 45, 48]
reduction	70.0	[72, 39, 42, 45, 48]
surface	72.0	[74, 38, 41, 44, 48]
reduction	72.0	[74, 38, 41, 44, 48]
surface	72.5	[70, 38, 41, 44, 48]
surface	73.0	[71, 38, 41, 44, 48]
surface	73.5	[74, 38, 41, 44, 48]
surface	74.0	[72, 38, 41, 44, 48]
reduction	74.0	[72, 38, 41, 44, 48]
surface	75.0	[72, 38, 41, 44, 48]
surface	76.0	[72, 40, 43, 48]
reduction	76.0	[72, 40, 43, 48]
surface	80.0	[76, 47, 50, 53, 56]
reduction	80.0	[76, 47, 50, 53, 56]
surface	82.0	[74, 40, 44, 47, 50]
reduction	82.0	[74, 40, 44, 47, 50]
surface	82.5	[70, 40, 44, 47, 50]
surface	83.0	[71, 40, 44, 47, 50]
surface	83.5	[74, 40, 44, 47, 50]
surface	84.0	[72, 45, 48, 52, 55]
reduction	84.0	[72, 45, 48, 52, 55]
surface	85.0	[72, 45, 48, 52, 55]
surface	86.0	[72, 45, 48, 52, 55]
surface	88.0	[72, 42, 45, 48, 52]
reduction	88.0	[72, 42, 45, 48, 52]
surface	88.5	[68, 42, 45, 48, 52]
surface	89.0	[69, 42, 45, 48, 52]
surface	89.5	[72, 42, 45, 48, 52]
surface	90.0	[71, 47, 51, 54, 57, 60]
reduction	90.0	[71, 47, 51, 54, 57, 60]
surface	91.0	[71, 47, 51, 54, 57, 60]
surface	92.0	[68, 52, 56, 59, 63]
reduction	92.0	[68, 52, 56, 59, 63]
surface	94.0	[67, 50, 53, 57, 60]
reduction	94.0	[67, 50, 53, 57, 60]
surface	95.0	[67, 43, 47, 50, 53]
reduction	95.0	[67, 43, 47, 50, 53]
grouping	96.0	[64, 67]
surface	96.0	[65, 43, 48, 50, 53, 56]
reduction	96.0	[65, 43, 48, 50, 53, 56]
surface	96.6666666667	[65, 43, 48, 50, 53, 56]
surface	97.3333333333	[65, 43, 48, 50, 53, 56]
surface	98.0	[63, 43, 48, 50, 53, 56]
surface	99.0	[64, 43, 48, 50, 53, 56]
surface	100.0	[64, 48, 52, 55, 59]
reduction	100.0	[64, 48, 52, 55, 59]
grouping	104.0	[64]
surface	104.0	[70, 40, 43, 46, 50]
reduction	104.0	[70, 40, 43, 46, 50]
surface	104.666666667	[70, 40, 43, 46, 50]
surface	105.333333333	[70, 40, 43, 46, 50]
surface	106.0	[68, 40, 43, 46, 50]
surface	107.0	[69, 40, 43, 46, 50]
surface	108.0	[69, 45, 49, 52, 55]
reduction	108.0	[69, 45, 49, 52, 55]
grouping	112.0	[64]
surface	112.0	[74, 50, 54, 57, 64]
reduction	112.0	[74, 50, 54, 57, 64]
surface	112.666666667	[74, 50, 54, 57, 64]
surface	113.333333333	[74, 50, 54, 57, 64]
surface	114.0	[71, 50, 54, 57, 64]
surface	115.0	[72, 50, 54, 57, 64]
surface	116.0	[72, 50, 53, 56, 60]
reduction	116.0	[72, 50, 53, 56, 60]
surface	118.0	[74, 43, 47, 50, 53]
reduction	118.0	[74, 43, 47, 50, 53]
surface	120.0	[72, 48, 52, 55]
reduction	120.0	[72, 48, 52, 55]
surface	124.0	[72, 48, 52, 55]
reduction	124.0	[72, 48, 52, 55]
