tonality	4.0	[67, 69, 71, 72, 74, 76, 78]
grouping	4.0	[64, 67]
surface	4.0	[62, 43, 47, 50, 54]
reduction	4.0	[71, 43, 47, 50, 54]
surface	2.0	[67, 43, 47, 50, 54]
surface	3.0	[69, 43, 47, 50, 54]
surface	4.0	[69, 43, 47, 50, 54]
surface	6.0	[71, 43, 47, 50, 54]
surface	8.0	[71, 43, 47, 50, 54]
reduction	8.0	[71, 43, 47, 50, 54]
surface	9.0	[62, 43, 47, 50, 54]
surface	10.0	[67, 43, 47, 50, 54]
surface	11.0	[69, 43, 47, 50, 54]
surface	12.0	[70, 43, 46, 50, 53]
reduction	12.0	[70, 43, 46, 50, 53]
surface	16.0	[70, 48, 52, 55, 58]
reduction	16.0	[70, 48, 52, 55, 58]
surface	17.0	[60, 48, 52, 55, 58]
surface	18.0	[65, 48, 52, 55, 58]
surface	19.0	[67, 48, 52, 55, 58]
grouping	20.0	[64]
surface	20.0	[67, 41, 45, 48, 52]
reduction	20.0	[69, 41, 45, 48, 52]
surface	22.0	[69, 41, 45, 48, 52]
surface	24.0	[69, 41, 45, 48, 52]
reduction	24.0	[69, 41, 45, 48, 52]
surface	25.0	[60, 41, 45, 48, 52]
surface	26.0	[65, 41, 45, 48, 52]
surface	27.0	[67, 41, 45, 48, 52]
surface	28.0	[68, 41, 44, 48, 51]
reduction	28.0	[68, 41, 44, 48, 51]
surface	32.0	[68, 46, 50, 53, 56]
reduction	32.0	[68, 46, 50, 53, 56]
surface	33.0	[62, 46, 50, 53, 56]
surface	34.0	[63, 46, 50, 53, 56]
surface	35.0	[65, 46, 50, 53, 56]
grouping	36.0	[64, 67]
surface	36.0	[67, 39, 43, 46, 50]
reduction	36.0	[67, 39, 43, 46, 50]
surface	37.0	[67, 39, 43, 46, 50]
surface	38.0	[67, 39, 43, 46, 50]
surface	39.0	[67, 39, 43, 46, 50]
surface	40.0	[67, 45, 48, 52, 55]
reduction	40.0	[67, 45, 48, 52, 55]
surface	41.0	[67, 45, 48, 52, 55]
surface	41.5	[69, 45, 48, 52, 55]
surface	42.0	[69, 50, 54, 57, 60]
reduction	42.0	[69, 50, 54, 57, 60]
surface	42.5	[67, 50, 54, 57, 60]
surface	43.0	[69, 50, 54, 57, 60]
surface	44.0	[70, 43, 46, 50, 53]
reduction	44.0	[70, 43, 46, 50, 53]
surface	48.0	[70, 45, 48, 51, 55]
reduction	48.0	[69, 45, 48, 51, 55]
surface	49.5	[69, 45, 48, 51, 55]
surface	50.0	[69, 50, 54, 57, 60, 63]
reduction	50.0	[69, 50, 54, 57, 60, 63]
surface	50.5	[67, 50, 54, 57, 60, 63]
surface	51.0	[69, 50, 54, 57, 60, 63]
grouping	52.0	[64]
surface	52.0	[71, 43, 47, 50, 54]
reduction	52.0	[71, 43, 47, 50, 54]
surface	56.0	[71, 45, 48, 52, 55]
reduction	56.0	[69, 45, 48, 52, 55]
surface	57.0	[69, 45, 48, 52, 55]
surface	58.0	[71, 50, 54, 57, 60]
reduction	58.0	[72, 50, 54, 57, 60]
surface	59.0	[72, 50, 54, 57, 60]
surface	60.0	[74, 47, 50, 54, 57]
reduction	60.0	[74, 47, 50, 54, 57]
surface	61.0	[74, 47, 50, 54, 57]
surface	62.0	[74, 46, 50, 53, 56]
reduction	62.0	[74, 46, 50, 53, 56]
surface	63.0	[74, 46, 50, 53, 56]
surface	64.0	[74, 45, 48, 52, 55]
reduction	64.0	[74, 45, 48, 52, 55]
surface	65.0	[62, 45, 48, 52, 55]
surface	66.0	[67, 50, 54, 57, 60]
reduction	66.0	[69, 50, 54, 57, 60]
surface	67.0	[69, 50, 54, 57, 60]
grouping	68.0	[64, 67]
surface	68.0	[69, 43, 47, 50, 54]
reduction	68.0	[71, 43, 47, 50, 54]
surface	70.0	[71, 43, 47, 50, 54]
surface	72.0	[71, 43, 47, 50, 54]
reduction	72.0	[71, 43, 47, 50, 54]
surface	73.0	[62, 43, 47, 50, 54]
surface	74.0	[67, 43, 47, 50, 54]
surface	75.0	[69, 43, 47, 50, 54]
surface	76.0	[70, 43, 46, 50, 53]
reduction	76.0	[70, 43, 46, 50, 53]
surface	80.0	[70, 48, 52, 55, 58]
reduction	80.0	[70, 48, 52, 55, 58]
surface	81.0	[60, 48, 52, 55, 58]
surface	82.0	[65, 48, 52, 55, 58]
surface	83.0	[67, 48, 52, 55, 58]
grouping	84.0	[64]
surface	84.0	[67, 41, 45, 48, 52]
reduction	84.0	[69, 41, 45, 48, 52]
surface	86.0	[69, 41, 45, 48, 52]
surface	88.0	[69, 41, 45, 48, 52]
reduction	88.0	[69, 41, 45, 48, 52]
surface	89.0	[60, 41, 45, 48, 52]
surface	90.0	[65, 41, 45, 48, 52]
surface	91.0	[67, 41, 45, 48, 52]
surface	92.0	[68, 41, 44, 48, 51]
reduction	92.0	[68, 41, 44, 48, 51]
surface	96.0	[68, 46, 50, 53, 56]
reduction	96.0	[68, 46, 50, 53, 56]
surface	97.0	[62, 46, 50, 53, 56]
surface	98.0	[63, 46, 50, 53, 56]
surface	99.0	[65, 46, 50, 53, 56]
grouping	100.0	[64, 67]
surface	100.0	[67, 39, 43, 46, 50]
reduction	100.0	[67, 39, 43, 46, 50]
surface	101.0	[67, 39, 43, 46, 50]
surface	102.0	[67, 39, 43, 46, 50]
surface	103.0	[67, 39, 43, 46, 50]
surface	104.0	[67, 45, 48, 52, 55]
reduction	104.0	[67, 45, 48, 52, 55]
surface	105.0	[67, 45, 48, 52, 55]
surface	105.5	[69, 45, 48, 52, 55]
surface	106.0	[69, 50, 54, 57, 60]
reduction	106.0	[69, 50, 54, 57, 60]
surface	106.5	[67, 50, 54, 57, 60]
surface	107.0	[69, 50, 54, 57, 60]
surface	108.0	[71, 43, 47, 50, 54]
reduction	108.0	[71, 43, 47, 50, 54]
surface	112.0	[71, 45, 48, 52, 55]
reduction	112.0	[69, 45, 48, 52, 55]
surface	113.0	[69, 45, 48, 52, 55]
surface	114.0	[71, 50, 54, 57, 60, 63]
reduction	114.0	[72, 50, 54, 57, 60, 63]
surface	115.0	[72, 50, 54, 57, 60, 63]
surface	116.0	[74, 47, 50, 54, 57]
reduction	116.0	[74, 47, 50, 54, 57]
surface	117.0	[74, 47, 50, 54, 57]
surface	118.0	[74, 46, 50, 53, 56]
reduction	118.0	[74, 46, 50, 53, 56]
surface	119.0	[74, 46, 50, 53, 56]
surface	120.0	[74, 45, 48, 52, 55]
reduction	120.0	[74, 45, 48, 52, 55]
surface	121.0	[62, 45, 48, 52, 55]
surface	122.0	[67, 50, 54, 57, 60]
reduction	122.0	[69, 50, 54, 57, 60]
surface	123.0	[69, 50, 54, 57, 60]
surface	124.0	[67, 43, 47, 50, 52]
reduction	124.0	[67, 43, 47, 50, 52]
surface	128.0	[67, 45, 48, 52, 55]
reduction	128.0	[67, 45, 48, 52, 55]
surface	130.0	[67, 50, 54, 57, 60]
reduction	130.0	[67, 50, 54, 57, 60]
surface	132.0	[67, 43, 47, 50, 54]
reduction	132.0	[67, 43, 47, 50, 54]
