tonality	4.0	[62, 64, 65, 67, 69, 70, 72]
grouping	4.0	[60, 64]
surface	4.0	[65, 50, 53, 57, 62]
reduction	4.0	[79, 50, 53, 57, 62]
surface	1.5	[67, 50, 53, 57, 62]
surface	2.0	[69, 50, 53, 57, 62]
surface	2.5	[72, 50, 53, 57, 62]
surface	3.0	[74, 50, 53, 57, 62]
surface	3.5	[77, 50, 53, 57, 62]
surface	4.0	[79, 50, 53, 57, 62]
surface	6.0	[79, 50, 53, 57, 61]
reduction	6.0	[79, 50, 53, 57, 61]
surface	8.0	[79, 50, 53, 57, 60]
reduction	8.0	[77, 50, 53, 57, 60]
surface	9.0	[77, 50, 53, 57, 60]
surface	9.5	[79, 50, 53, 57, 60]
surface	10.0	[77, 50, 53, 57, 59]
reduction	10.0	[77, 50, 53, 57, 59]
surface	10.5	[76, 50, 53, 57, 59]
surface	11.0	[74, 50, 53, 57, 59]
surface	11.5	[72, 50, 53, 57, 59]
surface	12.0	[69, 43, 46, 50, 55]
reduction	12.0	[69, 43, 46, 50, 55]
surface	13.0	[74, 43, 46, 50, 55]
surface	13.5	[69, 43, 46, 50, 55]
surface	14.0	[69, 43, 46, 50, 54]
reduction	14.0	[69, 43, 46, 50, 54]
surface	16.0	[69, 43, 46, 50, 53]
reduction	16.0	[69, 43, 46, 50, 53]
surface	17.0	[69, 43, 46, 50, 53]
surface	17.5	[72, 43, 46, 50, 53]
surface	18.0	[74, 43, 46, 50, 52]
reduction	18.0	[67, 43, 46, 50, 52]
surface	18.5	[68, 43, 46, 50, 52]
surface	19.0	[67, 45, 49, 52, 55]
reduction	19.0	[67, 45, 49, 52, 55]
surface	19.5	[65, 45, 49, 52, 55]
grouping	20.0	[60]
surface	20.0	[62, 50, 53, 57, 62]
reduction	20.0	[62, 50, 53, 57, 62]
surface	22.0	[62, 50, 53, 57, 62]
surface	22.5	[65, 50, 53, 57, 62]
surface	23.0	[69, 50, 53, 57, 62]
surface	23.5	[72, 50, 53, 57, 62]
surface	24.0	[76, 50, 54, 57, 60]
reduction	24.0	[76, 50, 54, 57, 60]
surface	27.0	[74, 50, 54, 57, 60]
surface	28.0	[70, 55, 58, 62, 65]
reduction	28.0	[70, 55, 58, 62, 65]
surface	30.0	[64, 54, 57, 61, 64]
reduction	30.0	[64, 54, 57, 61, 64]
surface	32.0	[67, 53, 57, 60, 64]
reduction	32.0	[67, 53, 57, 60, 64]
surface	33.0	[65, 53, 57, 60, 64]
reduction	33.0	[65, 53, 57, 60, 64]
surface	33.5	[67, 53, 57, 60, 64]
surface	34.0	[69, 53, 57, 60, 64]
reduction	34.0	[69, 53, 57, 60, 64]
surface	34.5	[72, 53, 57, 60, 64]
surface	35.0	[74, 53, 57, 60, 64]
reduction	35.0	[74, 53, 57, 60, 64]
surface	35.5	[77, 53, 57, 60, 64]
surface	36.0	[65, 53, 57, 60, 64]
reduction	36.0	[65, 53, 57, 60, 64]
surface	38.0	[65, 44, 48, 51, 54]
reduction	38.0	[44, 48, 51, 54]
tonality	40.0	[61, 63, 65, 66, 68, 70, 72]
grouping	40.0	[58, 62]
surface	40.0	[72, 49, 53, 56, 60]
reduction	40.0	[72, 49, 53, 56, 60]
surface	41.0	[70, 49, 53, 56, 60]
surface	41.5	[72, 49, 53, 56, 60]
surface	42.0	[75, 46, 49, 53, 56]
reduction	42.0	[73, 46, 49, 53, 56]
surface	42.5	[73, 46, 49, 53, 56]
surface	43.0	[72, 46, 49, 53, 56]
reduction	43.0	[70, 46, 49, 53, 56]
surface	43.5	[70, 46, 49, 53, 56]
surface	44.0	[65, 51, 54, 58, 61]
reduction	44.0	[65, 51, 54, 58, 61]
surface	45.0	[63, 51, 54, 58, 61]
surface	45.5	[65, 51, 54, 58, 61]
surface	46.0	[66, 44, 48, 51, 54]
reduction	46.0	[68, 44, 48, 51, 54]
surface	46.5	[68, 44, 48, 51, 54]
surface	47.0	[65, 44, 48, 51, 54]
reduction	47.0	[63, 44, 48, 51, 54]
surface	47.5	[63, 44, 48, 51, 54]
surface	48.0	[61, 49, 53, 56, 60]
reduction	48.0	[61, 49, 53, 56, 60]
surface	50.0	[66, 46, 50, 53, 56]
reduction	50.0	[71, 46, 50, 53, 56]
surface	50.6666666667	[67, 46, 50, 53, 56]
surface	51.3333333333	[70, 46, 50, 53, 56]
surface	52.0	[71, 51, 55, 58, 61]
reduction	52.0	[75, 51, 55, 58, 61]
surface	52.6666666667	[72, 51, 55, 58, 61]
surface	53.3333333333	[75, 51, 55, 58, 61]
surface	54.0	[75, 44, 48, 51, 54]
reduction	54.0	[80, 44, 48, 51, 54]
surface	54.6666666667	[77, 44, 48, 51, 54]
surface	55.3333333333	[80, 44, 48, 51, 54]
grouping	56.0	[58]
surface	56.0	[72, 49, 53, 56, 60]
reduction	56.0	[72, 49, 53, 56, 60]
surface	57.0	[70, 49, 53, 56, 60]
surface	57.5	[72, 49, 53, 56, 60]
surface	58.0	[75, 46, 49, 53, 56]
reduction	58.0	[73, 46, 49, 53, 56]
surface	58.5	[73, 46, 49, 53, 56]
surface	59.0	[72, 46, 49, 53, 56]
reduction	59.0	[70, 46, 49, 53, 56]
surface	59.5	[70, 46, 49, 53, 56]
surface	60.0	[65, 51, 54, 58, 61]
reduction	60.0	[65, 51, 54, 58, 61]
surface	61.0	[63, 51, 54, 58, 61]
surface	61.5	[65, 51, 54, 58, 61]
surface	62.0	[66, 44, 48, 51, 54]
reduction	62.0	[68, 44, 48, 51, 54]
surface	62.5	[68, 44, 48, 51, 54]
surface	63.0	[65, 44, 48, 51, 54]
reduction	63.0	[63, 44, 48, 51, 54]
surface	63.5	[63, 44, 48, 51, 54]
tonality	64.0	[62, 64, 65, 67, 69, 70, 72]
surface	64.0	[60, 43, 46, 50, 53]
reduction	64.0	[60, 43, 46, 50, 53]
surface	68.0	[48, 52, 55, 58]
reduction	68.0	[48, 52, 55, 58]
surface	69.0	[65, 48, 52, 55, 58]
surface	69.5	[67, 48, 52, 55, 58]
surface	70.0	[69, 48, 52, 55, 58]
surface	70.5	[72, 48, 52, 55, 58]
surface	71.0	[74, 48, 52, 55, 58]
surface	71.5	[77, 48, 52, 55, 58]
grouping	72.0	[60, 64]
surface	72.0	[79, 50, 53, 57, 62]
reduction	72.0	[79, 50, 53, 57, 62]
surface	74.0	[79, 50, 53, 57, 61]
reduction	74.0	[79, 50, 53, 57, 61]
surface	76.0	[79, 50, 53, 57, 60]
reduction	76.0	[77, 50, 53, 57, 60]
surface	77.0	[77, 50, 53, 57, 60]
surface	77.5	[79, 50, 53, 57, 60]
surface	78.0	[77, 50, 53, 57, 59]
reduction	78.0	[77, 50, 53, 57, 59]
surface	78.5	[76, 50, 53, 57, 59]
surface	79.0	[74, 50, 53, 57, 59]
surface	79.5	[72, 50, 53, 57, 59]
surface	80.0	[69, 43, 46, 50, 55]
reduction	80.0	[69, 43, 46, 50, 55]
surface	81.0	[74, 43, 46, 50, 55]
surface	81.5	[69, 43, 46, 50, 55]
surface	82.0	[69, 43, 46, 50, 54]
reduction	82.0	[69, 43, 46, 50, 54]
surface	84.0	[69, 43, 46, 50, 53]
reduction	84.0	[69, 43, 46, 50, 53]
surface	85.0	[69, 43, 46, 50, 53]
surface	85.5	[72, 43, 46, 50, 53]
surface	86.0	[74, 43, 46, 50, 52]
reduction	86.0	[68, 43, 46, 50, 52]
surface	86.5	[68, 43, 46, 50, 52]
surface	87.0	[67, 45, 49, 52, 55]
reduction	87.0	[67, 45, 49, 52, 55]
surface	87.5	[65, 45, 49, 52, 55]
grouping	88.0	[60]
surface	88.0	[62, 50, 53, 57, 62]
reduction	88.0	[62, 50, 53, 57, 62]
surface	90.0	[62, 50, 53, 57, 62]
surface	90.5	[65, 50, 53, 57, 62]
surface	91.0	[69, 50, 53, 57, 62]
surface	91.5	[72, 50, 53, 57, 62]
surface	92.0	[76, 50, 54, 57, 60]
reduction	92.0	[76, 50, 54, 57, 60]
surface	95.0	[74, 50, 54, 57, 60]
tonality	96.0	[65, 67, 69, 70, 72, 74, 76]
surface	96.0	[70, 55, 58, 62, 65]
reduction	96.0	[70, 55, 58, 62, 65]
surface	98.0	[64, 48, 52, 55, 58, 61]
reduction	98.0	[64, 48, 52, 55, 58, 61]
surface	100.0	[65, 53, 57, 60, 64]
reduction	100.0	[65, 53, 57, 60, 64]
