tonality	2.0	[67, 69, 70, 72, 74, 75, 77]
grouping	2.0	[67, 72]
surface	2.0	[74, 55, 58, 62]
reduction	2.0	[67, 55, 58, 62]
surface	2.0	[67, 55, 58, 62]
surface	4.0	[67, 54, 55, 58, 62]
reduction	4.0	[67, 54, 55, 58, 62]
surface	5.0	[70, 54, 55, 58, 62]
surface	6.0	[74, 53, 55, 58, 62]
reduction	6.0	[74, 53, 55, 58, 62]
surface	8.0	[67, 52, 55, 58, 60]
reduction	8.0	[67, 52, 55, 58, 60]
surface	9.0	[70, 52, 55, 58, 60]
surface	10.0	[73, 51, 55, 58, 61]
reduction	10.0	[73, 51, 55, 58, 61]
surface	12.0	[72, 50, 54, 57, 60]
reduction	12.0	[72, 50, 54, 57, 60]
surface	12.5	[70, 50, 54, 57, 60]
surface	13.5	[67, 50, 54, 57, 60]
surface	14.0	[67, 55, 58, 62]
reduction	14.0	[67, 55, 58, 62]
grouping	18.0	[67]
surface	18.0	[48, 52, 55, 58]
reduction	18.0	[70, 48, 52, 55, 58]
surface	19.0	[70, 48, 52, 55, 58]
surface	19.5	[70, 48, 52, 55, 58]
surface	20.5	[70, 48, 52, 55, 58]
surface	21.0	[70, 48, 52, 55, 58]
surface	22.0	[70, 49, 52, 55, 58]
reduction	22.0	[70, 49, 52, 55, 58]
surface	22.5	[70, 49, 52, 55, 58]
surface	23.5	[70, 49, 52, 55, 58]
surface	24.0	[70, 49, 52, 55, 58]
surface	25.0	[70, 49, 52, 55, 58]
surface	25.5	[70, 49, 52, 55, 58]
surface	26.0	[70, 50, 53, 58]
reduction	26.0	[70, 50, 53, 58]
surface	26.5	[70, 50, 53, 58]
surface	27.0	[70, 50, 53, 58]
surface	28.0	[70, 50, 53, 58]
surface	28.5	[70, 50, 53, 58]
surface	29.5	[70, 50, 53, 58]
surface	30.0	[70, 50, 54, 58, 60]
reduction	30.0	[70, 50, 54, 58, 60]
surface	33.0	[70, 50, 54, 58, 60]
surface	34.0	[70, 46, 50, 53]
reduction	34.0	[70, 46, 50, 53]
surface	37.0	[72, 46, 50, 53]
tonality	38.0	[63, 65, 67, 68, 70, 72, 74]
grouping	38.0	[67, 72]
surface	38.0	[72, 41, 44, 48, 51]
reduction	38.0	[72, 41, 44, 48, 51]
surface	39.0	[72, 41, 44, 48, 51]
surface	40.0	[72, 41, 44, 48, 51]
surface	40.5	[70, 41, 44, 48, 51]
surface	41.5	[72, 41, 44, 48, 51]
surface	42.0	[72, 46, 50, 53, 56]
reduction	42.0	[70, 46, 50, 53, 56]
surface	43.0	[70, 46, 50, 53, 56]
surface	44.0	[72, 46, 50, 53, 56]
surface	44.5	[70, 46, 50, 53, 56]
surface	46.0	[67, 51, 55, 58, 62]
reduction	46.0	[67, 51, 55, 58, 62]
surface	50.0	[67, 51, 55, 58, 62]
reduction	50.0	[67, 51, 55, 58, 62]
surface	53.0	[72, 51, 55, 58, 62]
tonality	54.0	[67, 69, 70, 72, 74, 75, 77]
grouping	54.0	[69]
surface	54.0	[72, 55, 58, 62, 65]
reduction	54.0	[72, 55, 58, 62, 65]
surface	55.0	[72, 55, 58, 62, 65]
surface	56.0	[72, 55, 58, 62, 65]
surface	56.5	[72, 55, 58, 62, 65]
surface	58.0	[72, 48, 52, 55, 58]
reduction	58.0	[70, 48, 52, 55, 58]
surface	59.0	[70, 48, 52, 55, 58]
surface	60.0	[72, 48, 52, 55, 58]
surface	60.5	[70, 48, 52, 55, 58]
surface	62.0	[65, 41, 45, 48, 51]
reduction	62.0	[65, 41, 45, 48, 51]
surface	66.0	[67, 50, 54, 57, 60]
reduction	66.0	[67, 50, 54, 57, 60]
surface	69.0	[70, 50, 54, 57, 60]
grouping	70.0	[69, 72]
surface	70.0	[67, 55, 58, 62]
reduction	70.0	[67, 55, 58, 62]
surface	72.0	[67, 54, 55, 58, 62]
reduction	72.0	[67, 54, 55, 58, 62]
surface	73.0	[70, 54, 55, 58, 62]
surface	74.0	[74, 53, 55, 58, 62]
reduction	74.0	[74, 53, 55, 58, 62]
surface	76.0	[67, 52, 55, 58, 60]
reduction	76.0	[67, 52, 55, 58, 60]
surface	77.0	[70, 52, 55, 58, 60]
surface	78.0	[73, 51, 55, 58, 61]
reduction	78.0	[73, 51, 55, 58, 61]
surface	80.0	[72, 50, 54, 57, 60]
reduction	80.0	[72, 50, 54, 57, 60]
surface	80.5	[70, 50, 54, 57, 60]
surface	81.5	[67, 50, 54, 57, 60]
surface	82.0	[67, 55, 58, 62]
reduction	82.0	[67, 55, 58, 62]
grouping	86.0	[69]
surface	86.0	[55, 58, 62]
reduction	86.0	[70, 55, 58, 62]
surface	87.0	[70, 55, 58, 62]
surface	87.5	[70, 55, 58, 62]
surface	88.5	[70, 55, 58, 62]
surface	89.0	[70, 55, 58, 62]
surface	90.0	[70, 48, 52, 55, 58]
reduction	90.0	[70, 48, 52, 55, 58]
surface	90.5	[70, 48, 52, 55, 58]
surface	91.5	[70, 48, 52, 55, 58]
surface	92.0	[70, 48, 52, 55, 58]
surface	93.0	[70, 48, 52, 55, 58]
surface	93.5	[70, 48, 52, 55, 58]
surface	94.0	[70, 49, 52, 55, 58]
reduction	94.0	[70, 49, 52, 55, 58]
surface	94.5	[70, 49, 52, 55, 58]
surface	95.0	[70, 49, 52, 55, 58]
surface	96.0	[70, 49, 52, 55, 58]
surface	96.5	[70, 49, 52, 55, 58]
surface	97.5	[70, 49, 52, 55, 58]
surface	98.0	[70, 50, 54, 58, 60]
reduction	98.0	[70, 50, 54, 58, 60]
surface	102.0	[70, 55, 58, 62]
reduction	102.0	[70, 55, 58, 62]
