tonality	2.0	[60, 62, 64, 65, 67, 69, 71]
grouping	2.0	[64, 67]
surface	2.0	[67, 50, 53, 56, 60]
reduction	2.0	[67, 50, 53, 56, 60]
surface	1.0	[67, 50, 53, 56, 60]
surface	1.5	[67, 50, 53, 56, 60]
surface	2.0	[67, 50, 53, 56, 60]
surface	6.0	[67, 43, 47, 50, 53]
reduction	6.0	[67, 43, 47, 50, 53]
surface	8.0	[65, 43, 47, 50, 53]
surface	8.66666666667	[64, 43, 47, 50, 53]
surface	9.33333333333	[63, 43, 47, 50, 53]
surface	10.0	[64, 48, 52, 55, 59]
reduction	10.0	[64, 48, 52, 55, 59]
surface	14.0	[64, 48, 52, 55, 59]
reduction	14.0	[64, 48, 52, 55, 59]
surface	16.0	[67, 48, 52, 55, 59]
surface	17.0	[67, 48, 52, 55, 59]
surface	17.5	[67, 48, 52, 55, 59]
grouping	18.0	[64]
surface	18.0	[67, 50, 53, 56, 60]
reduction	18.0	[67, 50, 53, 56, 60]
surface	19.0	[67, 50, 53, 56, 60]
surface	20.0	[67, 50, 53, 56, 60]
surface	21.0	[67, 50, 53, 56, 60]
surface	22.0	[67, 43, 47, 50, 53]
reduction	22.0	[67, 43, 47, 50, 53]
surface	23.0	[65, 43, 47, 50, 53]
surface	24.0	[65, 43, 47, 50, 53]
surface	24.6666666667	[64, 43, 47, 50, 53]
surface	25.3333333333	[63, 43, 47, 50, 53]
surface	26.0	[64, 48, 52, 55, 59]
reduction	26.0	[64, 48, 52, 55, 59]
surface	30.0	[64, 48, 52, 55, 59]
reduction	30.0	[64, 48, 52, 55, 59]
surface	32.0	[64, 48, 52, 55, 59]
surface	33.5	[64, 48, 52, 55, 59]
grouping	34.0	[64, 67]
surface	34.0	[64, 42, 45, 48, 52]
reduction	34.0	[64, 42, 45, 48, 52]
surface	35.0	[64, 42, 45, 48, 52]
surface	36.0	[64, 42, 45, 48, 52]
surface	37.0	[64, 42, 45, 48, 52]
surface	38.0	[63, 41, 44, 48, 51]
reduction	38.0	[63, 41, 44, 48, 51]
surface	40.0	[63, 41, 44, 48, 51]
surface	40.5	[63, 41, 44, 48, 51]
surface	41.5	[63, 41, 44, 48, 51]
surface	42.0	[62, 40, 43, 47, 50]
reduction	42.0	[62, 40, 43, 47, 50]
surface	43.0	[62, 40, 43, 47, 50]
surface	44.0	[62, 40, 43, 47, 50]
surface	45.0	[62, 40, 43, 47, 50]
surface	46.0	[62, 39, 42, 45, 48]
reduction	46.0	[60, 39, 42, 45, 48]
surface	47.0	[61, 39, 42, 45, 48]
surface	47.5	[60, 39, 42, 45, 48]
surface	48.0	[60, 39, 42, 45, 48]
surface	49.0	[59, 39, 42, 45, 48]
surface	50.0	[57, 38, 41, 45, 48]
reduction	50.0	[55, 38, 41, 45, 48]
surface	51.0	[56, 38, 41, 45, 48]
surface	51.5	[55, 38, 41, 45, 48]
surface	52.0	[55, 38, 41, 45, 48]
surface	54.0	[55, 43, 47, 50, 53]
reduction	54.0	[55, 43, 47, 50, 53]
surface	56.0	[67, 43, 47, 50, 53]
surface	57.0	[67, 43, 47, 50, 53]
surface	57.5	[67, 43, 47, 50, 53]
surface	58.0	[67, 48, 52, 55, 59]
reduction	58.0	[67, 48, 52, 55, 59]
surface	62.0	[67, 48, 52, 55, 59]
reduction	62.0	[67, 48, 52, 55, 59]
surface	64.0	[67, 48, 52, 55, 59]
surface	65.0	[67, 48, 52, 55, 59]
surface	65.5	[67, 48, 52, 55, 59]
surface	66.0	[67, 46, 50, 53, 56]
reduction	66.0	[67, 46, 50, 53, 56]
surface	68.0	[67, 46, 50, 53, 56]
surface	69.0	[67, 46, 50, 53, 56]
grouping	70.0	[64, 67]
surface	70.0	[70, 39, 43, 46, 49]
reduction	70.0	[70, 39, 43, 46, 49]
surface	74.0	[70, 39, 43, 46, 49]
reduction	74.0	[70, 39, 43, 46, 49]
surface	76.0	[67, 39, 43, 46, 49]
surface	76.6666666667	[65, 39, 43, 46, 49]
surface	77.3333333333	[63, 39, 43, 46, 49]
surface	78.0	[67, 48, 52, 55, 59]
reduction	78.0	[67, 48, 52, 55, 59]
surface	79.0	[67, 48, 52, 55, 59]
surface	79.5	[67, 48, 52, 55, 59]
surface	80.0	[67, 48, 52, 55, 59]
surface	82.0	[67, 48, 52, 55, 59]
reduction	82.0	[67, 48, 52, 55, 59]
surface	84.0	[67, 48, 52, 55, 59]
surface	85.5	[67, 48, 52, 55, 59]
grouping	86.0	[64]
surface	86.0	[70, 39, 43, 46, 49]
reduction	86.0	[70, 39, 43, 46, 49]
surface	86.5	[72, 39, 43, 46, 49]
surface	87.5	[70, 39, 43, 46, 49]
surface	88.0	[72, 39, 43, 46, 49]
surface	89.0	[70, 39, 43, 46, 49]
surface	89.5	[72, 39, 43, 46, 49]
surface	90.0	[72, 39, 43, 46, 49]
reduction	90.0	[70, 39, 43, 46, 49]
surface	90.5	[70, 39, 43, 46, 49]
surface	91.5	[67, 39, 43, 46, 49]
surface	92.0	[67, 39, 43, 46, 49]
surface	92.6666666667	[65, 39, 43, 46, 49]
surface	93.3333333333	[63, 39, 43, 46, 49]
surface	94.0	[67, 48, 52, 55, 59]
reduction	94.0	[67, 48, 52, 55, 59]
surface	95.0	[67, 48, 52, 55, 59]
surface	95.5	[67, 48, 52, 55, 59]
surface	96.0	[67, 48, 52, 55, 59]
surface	98.0	[67, 48, 52, 55, 59]
reduction	98.0	[67, 48, 52, 55, 59]
surface	100.0	[64, 48, 52, 55, 59]
surface	101.5	[64, 48, 52, 55, 59]
grouping	102.0	[64, 67]
surface	102.0	[64, 42, 45, 48, 52]
reduction	102.0	[64, 42, 45, 48, 52]
surface	103.0	[64, 42, 45, 48, 52]
surface	104.0	[64, 42, 45, 48, 52]
surface	105.0	[64, 42, 45, 48, 52]
surface	106.0	[63, 41, 44, 48, 51]
reduction	106.0	[63, 41, 44, 48, 51]
surface	108.0	[63, 41, 44, 48, 51]
surface	108.5	[63, 41, 44, 48, 51]
surface	109.5	[63, 41, 44, 48, 51]
surface	110.0	[62, 40, 43, 47, 50]
reduction	110.0	[62, 40, 43, 47, 50]
surface	111.0	[62, 40, 43, 47, 50]
surface	112.0	[62, 40, 43, 47, 50]
surface	113.0	[62, 40, 43, 47, 50]
surface	114.0	[62, 39, 42, 45, 48]
reduction	114.0	[60, 39, 42, 45, 48]
surface	114.5	[61, 39, 42, 45, 48]
surface	115.0	[60, 39, 42, 45, 48]
surface	115.5	[71, 39, 42, 45, 48]
surface	116.0	[71, 39, 42, 45, 48]
surface	116.5	[70, 39, 42, 45, 48]
surface	117.0	[69, 39, 42, 45, 48]
surface	118.0	[67, 38, 41, 45, 48]
reduction	118.0	[67, 38, 41, 45, 48]
surface	119.0	[67, 38, 41, 45, 48]
surface	119.5	[67, 38, 41, 45, 48]
surface	120.0	[67, 38, 41, 45, 48]
surface	122.0	[67, 43, 47, 50, 53]
reduction	122.0	[67, 43, 47, 50, 53]
surface	124.0	[72, 43, 47, 50, 53]
surface	125.0	[72, 43, 47, 50, 53]
surface	125.5	[72, 43, 47, 50, 53]
surface	126.0	[72, 48, 52, 55, 59]
reduction	126.0	[72, 48, 52, 55, 59]
surface	130.0	[50, 54, 57, 60]
reduction	130.0	[50, 54, 57, 60]
surface	132.0	[67, 43, 47, 50, 53]
reduction	132.0	[67, 43, 47, 50, 53]
surface	133.0	[67, 43, 47, 50, 53]
surface	133.5	[67, 43, 47, 50, 53]
