reduction	2.0	[64]
reduction	3.0	[67]
tonality	4.0	[59, 61, 62, 64, 66, 67, 69]
grouping	4.0	[60, 64]
surface	4.0	[59, 42, 45, 49, 52]
reduction	4.0	[61, 42, 45, 49, 52]
surface	2.0	[64, 42, 45, 49, 52]
surface	2.5	[66, 42, 45, 49, 52]
surface	3.0	[67, 42, 45, 49, 52]
surface	3.5	[71, 42, 45, 49, 52]
surface	4.0	[61, 42, 45, 49, 52]
surface	7.0	[66, 42, 45, 49, 52]
surface	8.0	[63, 47, 51, 54, 57, 61]
reduction	8.0	[63, 47, 51, 54, 57, 61]
surface	10.0	[63, 60, 47, 51, 54, 57]
reduction	10.0	[63, 60, 47, 51, 54, 57]
surface	11.0	[60, 60, 47, 51, 54, 57]
surface	12.0	[59, 40, 43, 47, 50]
reduction	12.0	[59, 40, 43, 47, 50]
surface	16.0	[59, 45, 49, 52, 55]
reduction	16.0	[59, 45, 49, 52, 55]
surface	17.5	[59, 45, 49, 52, 55]
surface	18.0	[64, 45, 49, 52, 55]
reduction	18.0	[64, 45, 49, 52, 55]
surface	18.5	[66, 45, 49, 52, 55]
surface	19.0	[67, 45, 49, 52, 55]
reduction	19.0	[67, 45, 49, 52, 55]
surface	19.5	[71, 45, 49, 52, 55]
tonality	20.0	[67, 69, 71, 72, 74, 76, 78]
grouping	20.0	[60]
surface	20.0	[64, 45, 48, 52, 55]
reduction	20.0	[64, 45, 48, 52, 55]
surface	23.0	[69, 45, 48, 52, 55]
surface	24.0	[66, 38, 42, 45, 48]
reduction	24.0	[66, 38, 42, 45, 48]
surface	27.0	[62, 38, 42, 45, 48]
surface	28.0	[71, 43, 47, 50, 54]
reduction	28.0	[71, 43, 47, 50, 54]
surface	32.0	[71, 48, 52, 55, 59]
reduction	32.0	[71, 48, 52, 55, 59]
surface	34.0	[72, 48, 52, 55, 59]
surface	34.5	[71, 48, 52, 55, 59]
surface	35.0	[69, 48, 52, 55, 59]
surface	35.5	[67, 48, 52, 55, 59]
grouping	36.0	[60, 64]
surface	36.0	[69, 42, 45, 48, 51]
reduction	36.0	[69, 42, 45, 48, 51]
surface	39.0	[60, 42, 45, 48, 51]
surface	40.0	[59, 47, 51, 54, 57]
reduction	40.0	[71, 47, 51, 54, 57]
surface	43.0	[69, 47, 51, 54, 57]
surface	44.0	[67, 52, 55, 59, 62]
reduction	44.0	[67, 52, 55, 59, 62]
surface	48.0	[67, 52, 55, 59, 62]
reduction	48.0	[67, 52, 55, 59, 62]
surface	50.0	[71, 50, 52, 55, 59]
reduction	50.0	[67, 50, 52, 55, 59]
surface	50.5	[69, 50, 52, 55, 59]
surface	51.0	[67, 50, 52, 55, 59]
surface	51.5	[66, 50, 52, 55, 59]
grouping	52.0	[60]
surface	52.0	[67, 49, 52, 55, 58]
reduction	52.0	[67, 49, 52, 55, 58]
surface	55.0	[59, 49, 52, 55, 58]
surface	56.0	[58, 42, 46, 49, 52]
reduction	56.0	[70, 42, 46, 49, 52]
surface	59.0	[67, 42, 46, 49, 52]
surface	60.0	[66, 42, 45, 49, 52]
reduction	60.0	[66, 42, 45, 49, 52]
surface	64.0	[66, 47, 51, 54, 57]
reduction	64.0	[66, 47, 51, 54, 57]
surface	65.5	[59, 47, 51, 54, 57]
surface	66.0	[64, 47, 51, 54, 57]
reduction	66.0	[64, 47, 51, 54, 57]
surface	66.5	[66, 47, 51, 54, 57]
surface	67.0	[67, 47, 51, 54, 57]
reduction	67.0	[67, 47, 51, 54, 57]
surface	67.5	[71, 47, 51, 54, 57]
tonality	68.0	[59, 61, 62, 64, 66, 67, 69]
grouping	68.0	[60, 64]
surface	68.0	[61, 42, 45, 49, 52]
reduction	68.0	[61, 42, 45, 49, 52]
surface	71.0	[66, 42, 45, 49, 52]
surface	72.0	[63, 47, 51, 54, 57, 61]
reduction	72.0	[63, 47, 51, 54, 57, 61]
surface	74.0	[63, 60, 47, 51, 54, 57]
reduction	74.0	[63, 60, 47, 51, 54, 57]
surface	75.0	[60, 60, 47, 51, 54, 57]
surface	76.0	[59, 40, 43, 47, 50]
reduction	76.0	[59, 40, 43, 47, 50]
surface	80.0	[59, 45, 49, 52, 55]
reduction	80.0	[59, 45, 49, 52, 55]
surface	81.5	[59, 45, 49, 52, 55]
surface	82.0	[64, 45, 49, 52, 55]
reduction	82.0	[64, 45, 49, 52, 55]
surface	82.5	[66, 45, 49, 52, 55]
surface	83.0	[67, 45, 49, 52, 55]
reduction	83.0	[67, 45, 49, 52, 55]
surface	83.5	[71, 45, 49, 52, 55]
tonality	84.0	[67, 69, 71, 72, 74, 76, 78]
grouping	84.0	[60]
surface	84.0	[64, 45, 48, 52, 55]
reduction	84.0	[64, 45, 48, 52, 55]
surface	87.0	[72, 45, 48, 52, 55]
surface	88.0	[69, 38, 42, 45, 48]
reduction	88.0	[69, 38, 42, 45, 48]
surface	91.0	[66, 38, 42, 45, 48]
surface	92.0	[74, 47, 50, 53, 57]
reduction	92.0	[74, 47, 50, 53, 57]
surface	96.0	[74, 40, 44, 47, 50]
reduction	96.0	[74, 40, 44, 47, 50]
surface	98.0	[76, 40, 44, 47, 50]
surface	98.5	[74, 40, 44, 47, 50]
surface	99.0	[72, 40, 44, 47, 50]
surface	99.5	[71, 40, 44, 47, 50]
grouping	100.0	[60, 64]
surface	100.0	[72, 45, 48, 52, 55]
reduction	100.0	[72, 45, 48, 52, 55]
surface	101.5	[64, 45, 48, 52, 55]
surface	102.0	[72, 45, 48, 52, 55]
surface	104.0	[72, 48, 51, 55, 58]
reduction	104.0	[72, 48, 51, 55, 58]
surface	106.0	[74, 41, 45, 48, 51]
reduction	106.0	[72, 41, 45, 48, 51]
surface	106.5	[72, 41, 45, 48, 51]
surface	107.0	[71, 41, 45, 48, 51]
surface	107.5	[69, 41, 45, 48, 51]
surface	108.0	[71, 47, 50, 54, 57]
reduction	108.0	[71, 47, 50, 54, 57]
surface	109.5	[62, 47, 50, 54, 57]
surface	110.0	[71, 47, 50, 54, 57]
surface	112.0	[71, 40, 44, 47, 50, 53]
reduction	112.0	[71, 40, 44, 47, 50, 53]
surface	114.0	[72, 40, 44, 47, 50, 53]
surface	114.5	[71, 40, 44, 47, 50, 53]
surface	115.0	[69, 40, 44, 47, 50, 53]
surface	115.5	[68, 40, 44, 47, 50, 53]
grouping	116.0	[60]
surface	116.0	[69, 45, 49, 52, 55]
reduction	116.0	[69, 45, 49, 52, 55]
surface	117.5	[60, 45, 49, 52, 55]
surface	118.0	[69, 39, 43, 46, 49]
reduction	118.0	[69, 39, 43, 46, 49]
surface	120.0	[69, 45, 48, 52, 55]
reduction	120.0	[69, 45, 48, 52, 55]
surface	121.5	[60, 45, 48, 52, 55]
surface	122.0	[71, 38, 42, 45, 48, 51]
reduction	122.0	[69, 38, 42, 45, 48, 51]
surface	122.5	[69, 38, 42, 45, 48, 51]
surface	123.0	[67, 38, 42, 45, 48, 51]
surface	123.5	[66, 38, 42, 45, 48, 51]
surface	124.0	[67, 43, 47, 50, 52]
reduction	124.0	[67, 43, 47, 50, 52]
surface	128.0	[47, 51, 54, 57]
reduction	128.0	[47, 51, 54, 57]
surface	129.5	[59, 47, 51, 54, 57]
surface	130.0	[64, 47, 51, 54, 57]
reduction	130.0	[64, 47, 51, 54, 57]
surface	130.5	[66, 47, 51, 54, 57]
surface	131.0	[67, 47, 51, 54, 57]
reduction	131.0	[67, 47, 51, 54, 57]
surface	131.5	[71, 47, 51, 54, 57]
surface	132.0	[67, 40, 43, 47, 50]
reduction	132.0	[67, 40, 43, 47, 50]
