tonality	0.0	[65, 67, 69, 70, 72, 74, 76]
grouping	0.0	[58, 62]
surface	0.0	[72, 53, 57, 60, 64]
reduction	0.0	[72, 53, 57, 60, 64]
surface	3.0	[65, 50, 53, 57, 60]
reduction	3.0	[65, 50, 53, 57, 60]
surface	6.0	[70, 55, 58, 62, 65]
reduction	6.0	[70, 55, 58, 62, 65]
surface	9.0	[64, 52, 56, 59, 62]
reduction	9.0	[64, 52, 56, 59, 62]
surface	12.0	[69, 57, 61, 64, 67]
reduction	12.0	[69, 57, 61, 64, 67]
surface	15.0	[69, 50, 54, 57, 60]
reduction	15.0	[69, 50, 54, 57, 60]
grouping	18.0	[58]
surface	18.0	[43, 47, 50, 53]
reduction	18.0	[67, 43, 47, 50, 53]
surface	19.0	[67, 43, 47, 50, 53]
surface	20.0	[65, 43, 47, 50, 53]
surface	21.0	[64, 48, 52, 55, 58]
reduction	21.0	[64, 48, 52, 55, 58]
surface	22.0	[65, 48, 52, 55, 58]
surface	23.0	[67, 48, 52, 55, 58]
surface	24.0	[69, 41, 45, 48, 51]
reduction	24.0	[69, 41, 45, 48, 51]
surface	26.0	[67, 41, 45, 48, 51]
surface	27.0	[65, 46, 50, 53, 57]
reduction	27.0	[65, 46, 50, 53, 57]
surface	28.0	[67, 46, 50, 53, 57]
surface	29.0	[69, 46, 50, 53, 57]
grouping	30.0	[60]
surface	30.0	[70, 43, 46, 50, 53]
reduction	30.0	[70, 43, 46, 50, 53]
surface	32.0	[69, 43, 46, 50, 53]
surface	33.0	[67, 48, 52, 55, 58]
reduction	33.0	[67, 48, 52, 55, 58]
surface	34.0	[69, 48, 52, 55, 58]
surface	35.0	[70, 46, 48, 52, 55]
reduction	35.0	[67, 46, 48, 52, 55]
surface	36.0	[72, 45, 48, 52, 55]
reduction	36.0	[72, 45, 48, 52, 55]
surface	39.0	[72, 50, 54, 57, 60]
reduction	39.0	[72, 50, 54, 57, 60]
surface	42.0	[72, 43, 46, 50, 53]
reduction	42.0	[72, 43, 46, 50, 53]
surface	45.0	[72, 48, 52, 55, 58]
reduction	45.0	[72, 48, 52, 55, 58]
tonality	48.0	[69, 71, 73, 74, 76, 78, 80]
grouping	48.0	[60]
surface	48.0	[71, 47, 50, 54, 57]
reduction	48.0	[71, 47, 50, 54, 57]
surface	50.0	[69, 47, 50, 54, 57]
surface	51.0	[68, 40, 44, 47, 50]
reduction	51.0	[68, 40, 44, 47, 50]
surface	52.0	[69, 40, 44, 47, 50]
surface	53.0	[71, 40, 44, 47, 50]
surface	54.0	[73, 45, 49, 52, 56]
reduction	54.0	[73, 45, 49, 52, 56]
surface	57.0	[73, 45, 49, 52, 56]
reduction	57.0	[73, 45, 49, 52, 56]
surface	60.0	[73, 45, 49, 52, 56]
reduction	60.0	[73, 45, 49, 52, 56]
surface	63.0	[45, 49, 52, 56]
reduction	63.0	[73, 45, 49, 52, 56]
surface	64.0	[73, 45, 49, 52, 56]
tonality	66.0	[65, 67, 69, 70, 72, 74, 76]
grouping	66.0	[60, 64]
surface	66.0	[74, 43, 46, 50, 53]
reduction	66.0	[74, 43, 46, 50, 53]
surface	69.0	[74, 48, 52, 55, 58]
reduction	69.0	[74, 48, 52, 55, 58]
surface	71.0	[72, 48, 52, 55, 58]
surface	72.0	[74, 45, 48, 52, 55]
reduction	72.0	[74, 45, 48, 52, 55]
surface	75.0	[74, 50, 54, 57, 60]
reduction	75.0	[74, 50, 54, 57, 60]
surface	77.0	[72, 50, 54, 57, 60]
surface	78.0	[74, 43, 46, 50, 53]
reduction	78.0	[74, 43, 46, 50, 53]
surface	79.0	[72, 43, 46, 50, 53]
surface	80.0	[70, 43, 46, 50, 53]
surface	81.0	[69, 45, 49, 52, 55]
reduction	81.0	[69, 45, 49, 52, 55]
surface	82.0	[68, 45, 49, 52, 55]
surface	83.0	[67, 45, 49, 52, 55]
surface	84.0	[69, 50, 53, 57, 60]
reduction	84.0	[69, 50, 53, 57, 60]
surface	86.0	[65, 50, 53, 57, 60]
surface	87.0	[74, 41, 45, 48, 51]
reduction	87.0	[74, 41, 45, 48, 51]
surface	88.0	[72, 41, 45, 48, 51]
surface	89.0	[70, 41, 45, 48, 51]
grouping	90.0	[60]
surface	90.0	[69, 46, 50, 53, 57]
reduction	90.0	[69, 46, 50, 53, 57]
surface	93.0	[67, 45, 49, 52, 55]
reduction	93.0	[67, 45, 49, 52, 55]
surface	94.0	[69, 45, 49, 52, 55]
surface	95.0	[67, 45, 49, 52, 55]
surface	96.0	[65, 50, 53, 57, 60]
reduction	96.0	[65, 50, 53, 57, 60]
surface	97.0	[69, 50, 53, 57, 60]
surface	98.0	[72, 50, 53, 57, 60]
surface	99.0	[76, 52, 56, 59, 62]
reduction	99.0	[76, 52, 56, 59, 62]
surface	100.0	[77, 52, 56, 59, 62]
surface	101.0	[76, 52, 56, 59, 62]
surface	102.0	[72, 45, 48, 52, 55]
reduction	102.0	[72, 45, 48, 52, 55]
surface	105.0	[72, 44, 48, 51, 54]
reduction	105.0	[72, 44, 48, 51, 54]
surface	108.0	[72, 43, 46, 50, 53]
reduction	108.0	[72, 43, 46, 50, 53]
surface	111.0	[72, 42, 46, 49, 52]
reduction	111.0	[72, 42, 46, 49, 52]
tonality	114.0	[58, 60, 62, 63, 65, 67, 69]
grouping	114.0	[60]
surface	114.0	[70, 46, 50, 53, 55]
reduction	114.0	[70, 46, 50, 53, 55]
surface	115.0	[69, 46, 50, 53, 55]
surface	116.0	[67, 46, 50, 53, 55]
surface	117.0	[69, 51, 55, 58, 61]
reduction	117.0	[69, 51, 55, 58, 61]
surface	118.0	[70, 51, 55, 58, 61]
surface	119.0	[72, 51, 55, 58, 61]
tonality	120.0	[69, 71, 72, 74, 76, 77, 79]
surface	120.0	[74, 45, 48, 52, 55]
reduction	120.0	[74, 45, 48, 52, 55]
surface	123.0	[74, 50, 54, 57, 60]
reduction	123.0	[74, 50, 54, 57, 60]
surface	126.0	[47, 50, 54, 57]
reduction	126.0	[76, 47, 50, 54, 57]
surface	127.0	[76, 47, 50, 54, 57]
surface	128.0	[74, 47, 50, 54, 57]
grouping	129.0	[60, 64]
surface	129.0	[76, 52, 56, 59, 62]
reduction	129.0	[76, 52, 56, 59, 62]
surface	130.0	[74, 52, 56, 59, 62]
surface	131.0	[76, 52, 56, 59, 62]
surface	132.0	[72, 45, 48, 52, 55]
reduction	132.0	[72, 45, 48, 52, 55]
surface	135.0	[72, 45, 48, 52, 55]
reduction	135.0	[72, 45, 48, 52, 55]
tonality	138.0	[65, 67, 69, 70, 72, 74, 76]
surface	138.0	[46, 50, 53, 57]
reduction	138.0	[72, 46, 50, 53, 57]
surface	139.0	[72, 46, 50, 53, 57]
surface	140.0	[70, 46, 50, 53, 57]
grouping	141.0	[60]
surface	141.0	[72, 51, 55, 58, 61]
reduction	141.0	[72, 51, 55, 58, 61]
surface	142.0	[70, 51, 55, 58, 61]
surface	143.0	[72, 51, 55, 58, 61]
surface	144.0	[69, 45, 48, 52, 55]
reduction	144.0	[69, 45, 48, 52, 55]
surface	147.0	[44, 47, 50, 53]
reduction	147.0	[67, 44, 47, 50, 53]
surface	148.0	[67, 44, 47, 50, 53]
surface	149.0	[65, 44, 47, 50, 53]
surface	150.0	[67, 45, 48, 52, 55]
reduction	150.0	[67, 45, 48, 52, 55]
surface	151.0	[65, 45, 48, 52, 55]
surface	152.0	[67, 45, 48, 52, 55]
surface	153.0	[65, 44, 47, 50, 53]
reduction	153.0	[65, 44, 47, 50, 53]
surface	154.0	[67, 44, 47, 50, 53]
surface	155.0	[65, 44, 47, 50, 53]
surface	156.0	[74, 43, 46, 50, 53]
reduction	156.0	[74, 43, 46, 50, 53]
surface	159.0	[64, 48, 52, 55, 58]
reduction	159.0	[64, 48, 52, 55, 58]
surface	162.0	[65, 41, 45, 48, 50]
reduction	162.0	[65, 41, 45, 48, 50]
surface	165.0	[65, 41, 45, 48, 50]
reduction	165.0	[65, 41, 45, 48, 50]
surface	168.0	[65, 41, 45, 48, 50]
reduction	168.0	[65, 41, 45, 48, 50]
surface	171.0	[65, 41, 45, 48, 50]
reduction	171.0	[65, 41, 45, 48, 50]
