tonality	4.0	[60, 62, 64, 65, 67, 69, 71]
grouping	4.0	[64, 67, 71]
surface	4.0	[55, 43, 48, 52, 55]
reduction	4.0	[60, 43, 48, 52, 55]
surface	4.0	[59, 43, 48, 52, 55]
surface	4.75	[60, 43, 48, 52, 55]
surface	5.0	[62, 43, 48, 52, 55]
reduction	5.0	[64, 43, 48, 52, 55]
surface	5.5	[64, 43, 48, 52, 55]
surface	6.0	[65, 48, 52, 55]
reduction	6.0	[64, 48, 52, 55]
surface	6.5	[62, 48, 52, 55]
surface	7.0	[64, 48, 52, 55]
reduction	7.0	[60, 48, 52, 55]
surface	7.5	[60, 48, 52, 55]
surface	8.0	[59, 43, 47, 50]
reduction	8.0	[59, 43, 47, 50]
surface	8.75	[69, 43, 47, 50]
surface	9.0	[67, 43, 47, 50]
reduction	9.0	[67, 43, 47, 50]
surface	9.5	[65, 43, 47, 50]
surface	10.0	[64, 43, 47, 50]
reduction	10.0	[62, 43, 47, 50]
surface	10.5	[62, 43, 47, 50]
surface	11.0	[60, 43, 47, 50]
reduction	11.0	[59, 43, 47, 50]
surface	11.5	[59, 43, 47, 50]
surface	12.0	[57, 41, 45, 48]
reduction	12.0	[57, 41, 45, 48]
surface	12.5	[59, 41, 45, 48]
surface	13.0	[57, 41, 45, 48]
surface	13.5	[55, 41, 45, 48]
surface	14.0	[54, 43, 47, 50]
reduction	14.0	[55, 43, 47, 50]
surface	14.5	[55, 43, 47, 50]
surface	15.0	[57, 43, 47, 50]
reduction	15.0	[59, 43, 47, 50]
surface	15.5	[59, 43, 47, 50]
surface	16.0	[60, 48, 52, 55]
reduction	16.0	[60, 48, 52, 55]
surface	16.75	[59, 48, 52, 55]
surface	17.0	[60, 48, 52, 55]
surface	17.5	[62, 48, 52, 55]
surface	18.0	[64, 48, 52, 55]
reduction	18.0	[64, 48, 52, 55]
surface	18.5	[65, 48, 52, 55]
surface	19.0	[66, 48, 52, 55]
reduction	19.0	[67, 48, 52, 55]
surface	19.5	[67, 48, 52, 55]
grouping	20.0	[64]
surface	20.0	[59, 43, 48, 52, 55]
reduction	20.0	[60, 43, 48, 52, 55]
surface	20.75	[60, 43, 48, 52, 55]
surface	21.0	[62, 43, 48, 52, 55]
reduction	21.0	[64, 43, 48, 52, 55]
surface	21.5	[64, 43, 48, 52, 55]
surface	22.0	[65, 43, 48, 52, 55]
surface	22.5	[62, 43, 48, 52, 55]
surface	23.0	[64, 43, 48, 52, 55]
reduction	23.0	[60, 43, 48, 52, 55]
surface	23.5	[60, 43, 48, 52, 55]
surface	24.0	[59, 43, 47, 50]
reduction	24.0	[59, 43, 47, 50]
surface	24.75	[69, 43, 47, 50]
surface	25.0	[67, 43, 47, 50]
reduction	25.0	[67, 43, 47, 50]
surface	25.5	[65, 43, 47, 50]
surface	26.0	[64, 43, 47, 50]
reduction	26.0	[62, 43, 47, 50]
surface	26.5	[62, 43, 47, 50]
surface	27.0	[60, 43, 47, 50]
reduction	27.0	[59, 43, 47, 50]
surface	27.5	[59, 43, 47, 50]
surface	28.0	[57, 41, 45, 48]
reduction	28.0	[57, 41, 45, 48]
surface	28.5	[59, 41, 45, 48]
surface	29.0	[57, 41, 45, 48]
surface	29.5	[55, 41, 45, 48]
surface	30.0	[54, 43, 47, 50]
reduction	30.0	[55, 43, 47, 50]
surface	30.5	[55, 43, 47, 50]
surface	31.0	[57, 43, 47, 50]
reduction	31.0	[59, 43, 47, 50]
surface	31.5	[59, 43, 47, 50]
surface	32.0	[60, 48, 52, 55]
reduction	32.0	[60, 48, 52, 55]
surface	33.0	[64, 48, 52, 55]
reduction	33.0	[64, 48, 52, 55]
surface	33.3333333333	[65, 48, 52, 55]
surface	33.6666666667	[66, 48, 52, 55]
surface	34.0	[67, 48, 52, 55]
surface	34.5	[64, 48, 52, 55]
surface	35.0	[60, 48, 52, 55]
reduction	35.0	[60, 48, 52, 55]
surface	36.0	[60, 48, 52, 55]
reduction	36.0	[60, 48, 52, 55]
surface	37.0	[60, 48, 52, 55]
surface	37.5	[62, 48, 52, 55]
surface	38.0	[60, 48, 52, 55]
surface	38.5	[59, 48, 52, 55]
surface	39.0	[60, 48, 52, 55]
grouping	40.0	[64]
surface	40.0	[59, 43, 48, 52, 55]
reduction	40.0	[60, 43, 48, 52, 55]
surface	40.5	[60, 43, 48, 52, 55]
surface	41.0	[62, 43, 48, 52, 55]
reduction	41.0	[64, 43, 48, 52, 55]
surface	41.5	[64, 43, 48, 52, 55]
surface	42.0	[65, 48, 52, 55]
reduction	42.0	[64, 48, 52, 55]
surface	42.5	[64, 48, 52, 55]
surface	43.0	[67, 48, 52, 55]
reduction	43.0	[67, 48, 52, 55]
surface	43.5	[65, 48, 52, 55]
surface	44.0	[64, 48, 52, 55]
reduction	44.0	[64, 48, 52, 55]
surface	44.5	[63, 48, 52, 55]
surface	45.0	[64, 48, 52, 55]
surface	45.5	[65, 48, 52, 55]
surface	46.0	[69, 48, 52, 55]
surface	46.5	[67, 48, 52, 55]
surface	47.0	[65, 48, 52, 55]
surface	47.5	[64, 48, 52, 55]
surface	48.0	[62, 43, 47, 50]
reduction	48.0	[62, 43, 47, 50]
surface	48.5	[61, 43, 47, 50]
surface	49.0	[62, 43, 47, 50]
surface	49.5	[64, 43, 47, 50]
surface	50.0	[65, 43, 47, 50]
surface	50.5	[66, 43, 47, 50]
surface	51.0	[67, 43, 47, 50]
surface	51.5	[64, 43, 47, 50]
surface	52.0	[60, 48, 52, 55]
reduction	52.0	[60, 48, 52, 55]
surface	52.5	[72, 48, 52, 55]
surface	53.0	[70, 48, 52, 55]
surface	53.5	[69, 48, 52, 55]
surface	54.0	[67, 48, 52, 55]
reduction	54.0	[67, 48, 52, 55]
surface	54.5	[66, 48, 52, 55]
surface	55.0	[67, 48, 52, 55]
grouping	56.0	[64]
surface	56.0	[67, 48, 52, 55]
reduction	56.0	[64, 48, 52, 55]
surface	56.5	[66, 48, 52, 55]
surface	57.0	[67, 48, 52, 55]
surface	57.5	[69, 48, 52, 55]
surface	58.0	[70, 48, 52, 55]
surface	58.5	[67, 48, 52, 55]
surface	59.0	[69, 48, 52, 55]
surface	59.5	[65, 48, 52, 55]
surface	60.0	[64, 48, 52, 55]
reduction	60.0	[64, 48, 52, 55]
surface	60.5	[63, 48, 52, 55]
surface	61.0	[64, 48, 52, 55]
surface	61.5	[65, 48, 52, 55]
surface	62.0	[69, 48, 52, 55]
surface	62.5	[67, 48, 52, 55]
surface	63.0	[65, 48, 52, 55]
surface	63.5	[64, 48, 52, 55]
surface	64.0	[62, 43, 47, 50]
reduction	64.0	[62, 43, 47, 50]
surface	64.5	[61, 43, 47, 50]
surface	65.0	[62, 43, 47, 50]
surface	65.5	[64, 43, 47, 50]
surface	66.0	[65, 43, 47, 50]
surface	66.5	[66, 43, 47, 50]
surface	67.0	[67, 43, 47, 50]
surface	67.5	[64, 43, 47, 50]
surface	68.0	[60, 48, 52, 55]
reduction	68.0	[60, 48, 52, 55]
surface	69.0	[60, 48, 52, 55]
surface	69.5	[62, 48, 52, 55]
surface	70.0	[60, 48, 52, 55]
surface	70.5	[59, 48, 52, 55]
surface	71.0	[60, 48, 52, 55]
surface	72.0	[60, 48, 52, 55]
reduction	72.0	[60, 48, 52, 55]
surface	73.0	[60, 48, 52, 55]
surface	73.5	[62, 48, 52, 55]
surface	74.0	[60, 48, 52, 55]
surface	74.5	[62, 48, 52, 55]
surface	74.75	[60, 48, 52, 55]
surface	75.0	[59, 48, 52, 55]
surface	75.5	[60, 48, 52, 55]
tonality	76.0	[62, 63, 66, 67, 69, 70, 72]
grouping	76.0	[64]
surface	76.0	[62, 50, 54, 57]
reduction	76.0	[62, 50, 54, 57]
surface	77.0	[60, 50, 54, 57]
surface	77.5	[62, 50, 54, 57]
surface	78.0	[63, 50, 54, 57]
surface	79.0	[62, 50, 54, 57]
surface	79.5	[63, 50, 54, 57]
surface	80.0	[66, 50, 54, 57]
reduction	80.0	[66, 50, 54, 57]
surface	81.0	[63, 50, 54, 57]
surface	81.5	[66, 50, 54, 57]
surface	82.0	[67, 50, 54, 57]
surface	83.0	[66, 50, 54, 57]
surface	83.5	[67, 50, 54, 57]
surface	84.0	[69, 50, 54, 57]
reduction	84.0	[69, 50, 54, 57]
surface	85.0	[67, 50, 54, 57]
surface	85.5	[66, 50, 54, 57]
surface	86.0	[63, 50, 54, 57]
reduction	86.0	[62, 50, 54, 57]
surface	86.5	[62, 50, 54, 57]
surface	87.0	[66, 50, 54, 57]
surface	87.5	[63, 50, 54, 57]
surface	88.0	[62, 50, 54, 57]
reduction	88.0	[62, 50, 54, 57]
surface	88.5	[60, 50, 54, 57]
surface	89.0	[59, 50, 54, 57]
surface	89.5	[57, 50, 54, 57]
surface	90.0	[55, 43, 47, 50]
reduction	90.0	[55, 43, 47, 50]
surface	90.5	[57, 43, 47, 50]
surface	91.0	[59, 43, 47, 50]
surface	91.5	[60, 43, 47, 50]
grouping	92.0	[64]
surface	92.0	[62, 50, 54, 57]
reduction	92.0	[62, 50, 54, 57]
surface	93.0	[60, 50, 54, 57]
surface	93.5	[62, 50, 54, 57]
surface	94.0	[63, 50, 54, 57]
surface	95.0	[62, 50, 54, 57]
surface	95.5	[63, 50, 54, 57]
surface	96.0	[66, 50, 54, 57]
reduction	96.0	[66, 50, 54, 57]
surface	97.0	[63, 50, 54, 57]
surface	97.5	[66, 50, 54, 57]
surface	98.0	[67, 50, 54, 57]
surface	99.0	[66, 50, 54, 57]
surface	99.5	[67, 50, 54, 57]
tonality	100.0	[60, 62, 64, 65, 67, 69, 71]
surface	100.0	[69, 43, 47, 50]
reduction	100.0	[67, 43, 47, 50]
surface	101.0	[67, 43, 47, 50]
surface	101.5	[69, 43, 47, 50]
surface	102.0	[71, 43, 47, 50]
reduction	102.0	[71, 43, 47, 50]
surface	103.0	[69, 43, 47, 50]
surface	103.5	[71, 43, 47, 50]
surface	104.0	[72, 48, 52, 55]
reduction	104.0	[72, 48, 52, 55]
surface	105.0	[67, 48, 52, 55]
surface	105.5	[64, 48, 52, 55]
surface	106.0	[60, 48, 52, 55]
reduction	106.0	[60, 48, 52, 55]
surface	107.0	[59, 48, 52, 55]
surface	107.5	[60, 48, 52, 55]
tonality	108.0	[60, 62, 64, 65, 67, 69, 71]
surface	108.0	[70, 43, 47, 50]
reduction	108.0	[67, 43, 47, 50]
surface	108.5	[69, 43, 47, 50]
surface	109.0	[67, 43, 47, 50]
surface	109.5	[66, 43, 47, 50]
surface	110.0	[63, 43, 47, 50]
reduction	110.0	[62, 43, 47, 50]
surface	110.5	[62, 43, 47, 50]
surface	111.0	[60, 43, 47, 50]
surface	111.5	[59, 43, 47, 50]
surface	112.0	[60, 48, 52, 55]
reduction	112.0	[60, 48, 52, 55]
surface	112.5	[55, 48, 52, 55]
surface	113.0	[59, 48, 52, 55]
surface	113.5	[60, 48, 52, 55]
surface	114.0	[62, 48, 52, 55]
reduction	114.0	[67, 48, 52, 55]
surface	114.5	[63, 48, 52, 55]
surface	115.0	[66, 48, 52, 55]
surface	115.5	[67, 48, 52, 55]
tonality	116.0	[62, 63, 66, 67, 69, 70, 72]
grouping	116.0	[64]
surface	116.0	[69, 50, 54, 57]
reduction	116.0	[69, 50, 54, 57]
surface	116.5	[69, 50, 54, 57]
surface	117.0	[69, 50, 54, 57]
surface	117.5	[69, 50, 54, 57]
surface	118.0	[69, 50, 54, 57]
surface	118.5	[67, 50, 54, 57]
surface	119.0	[66, 50, 54, 57]
surface	119.5	[63, 50, 54, 57]
surface	120.0	[62, 50, 54, 57]
reduction	120.0	[62, 50, 54, 57]
surface	120.5	[63, 50, 54, 57]
surface	121.0	[62, 50, 54, 57]
surface	121.5	[60, 50, 54, 57]
surface	122.0	[62, 50, 54, 57]
surface	122.5	[63, 50, 54, 57]
surface	123.0	[66, 50, 54, 57]
surface	123.5	[67, 50, 54, 57]
surface	124.0	[70, 50, 54, 57]
reduction	124.0	[69, 50, 54, 57]
surface	124.5	[69, 50, 54, 57]
surface	125.0	[67, 50, 54, 57]
surface	125.5	[66, 50, 54, 57]
surface	126.0	[63, 50, 54, 57]
reduction	126.0	[62, 50, 54, 57]
surface	126.5	[62, 50, 54, 57]
surface	127.0	[63, 50, 54, 57]
surface	127.5	[66, 50, 54, 57]
grouping	128.0	[64]
surface	128.0	[67, 43, 46, 50]
reduction	128.0	[62, 43, 46, 50]
surface	128.5	[62, 43, 46, 50]
surface	129.0	[63, 43, 46, 50]
surface	129.5	[66, 43, 46, 50]
surface	130.0	[67, 43, 46, 50]
reduction	130.0	[67, 43, 46, 50]
surface	130.5	[69, 43, 46, 50]
surface	131.0	[70, 43, 46, 50]
surface	131.5	[71, 43, 46, 50]
surface	132.0	[72, 43, 46, 50]
reduction	132.0	[67, 43, 46, 50]
surface	132.5	[69, 43, 46, 50]
surface	133.0	[70, 43, 46, 50]
surface	133.5	[67, 43, 46, 50]
surface	134.0	[69, 43, 46, 50]
surface	134.5	[66, 43, 46, 50]
surface	135.0	[67, 43, 46, 50]
surface	135.5	[63, 43, 46, 50]
surface	136.0	[62, 50, 54, 57]
reduction	136.0	[62, 50, 54, 57]
surface	136.5	[63, 50, 54, 57]
surface	137.0	[62, 50, 54, 57]
surface	137.5	[60, 50, 54, 57]
surface	138.0	[62, 50, 54, 57]
surface	138.5	[63, 50, 54, 57]
surface	139.0	[66, 50, 54, 57]
surface	139.5	[67, 50, 54, 57]
surface	140.0	[69, 50, 54, 57]
reduction	140.0	[69, 50, 54, 57]
surface	141.0	[67, 50, 54, 57]
surface	141.5	[66, 50, 54, 57]
surface	142.0	[63, 43, 47, 50]
reduction	142.0	[62, 43, 47, 50]
surface	142.5	[62, 43, 47, 50]
surface	143.0	[60, 43, 47, 50]
surface	143.5	[59, 43, 47, 50]
tonality	144.0	[60, 62, 64, 65, 67, 69, 71]
grouping	144.0	[64]
surface	144.0	[60, 48, 52, 55]
reduction	144.0	[64, 48, 52, 55]
surface	144.5	[63, 48, 52, 55]
surface	145.0	[64, 48, 52, 55]
surface	145.5	[64, 48, 52, 55]
surface	146.0	[64, 48, 52, 55]
surface	146.5	[60, 48, 52, 55]
surface	147.0	[64, 48, 52, 55]
surface	147.5	[67, 48, 52, 55]
surface	148.0	[65, 43, 47, 50]
reduction	148.0	[62, 43, 47, 50]
surface	148.5	[64, 43, 47, 50]
surface	149.0	[62, 43, 47, 50]
surface	149.5	[60, 43, 47, 50]
surface	150.0	[59, 43, 47, 50]
reduction	150.0	[59, 43, 47, 50]
surface	150.5	[55, 43, 47, 50]
surface	151.0	[57, 43, 47, 50]
surface	151.5	[59, 43, 47, 50]
surface	152.0	[60, 48, 52, 55]
reduction	152.0	[60, 48, 52, 55]
surface	152.5	[59, 48, 52, 55]
surface	153.0	[60, 48, 52, 55]
surface	153.5	[65, 48, 52, 55]
surface	154.0	[64, 48, 52, 55]
reduction	154.0	[64, 48, 52, 55]
surface	154.5	[63, 48, 52, 55]
surface	155.0	[64, 48, 52, 55]
surface	155.5	[67, 48, 52, 55]
surface	156.0	[65, 43, 47, 50]
reduction	156.0	[65, 43, 47, 50]
surface	156.5	[64, 43, 47, 50]
surface	157.0	[63, 43, 47, 50]
surface	157.5	[64, 43, 47, 50]
surface	158.0	[65, 43, 47, 50]
surface	158.5	[66, 43, 47, 50]
surface	159.0	[67, 43, 47, 50]
surface	159.5	[64, 43, 47, 50]
grouping	160.0	[64]
surface	160.0	[60, 48, 52, 55]
reduction	160.0	[60, 48, 52, 55]
surface	160.5	[69, 48, 52, 55]
surface	161.0	[67, 48, 52, 55]
surface	161.5	[65, 48, 52, 55]
surface	162.0	[64, 48, 52, 55]
reduction	162.0	[64, 48, 52, 55]
surface	162.5	[63, 48, 52, 55]
surface	163.0	[64, 48, 52, 55]
surface	163.5	[67, 48, 52, 55]
surface	164.0	[65, 43, 47, 50]
reduction	164.0	[62, 43, 47, 50]
surface	164.5	[64, 43, 47, 50]
surface	165.0	[62, 43, 47, 50]
surface	165.5	[60, 43, 47, 50]
surface	166.0	[59, 43, 47, 50]
reduction	166.0	[59, 43, 47, 50]
surface	166.5	[55, 43, 47, 50]
surface	167.0	[57, 43, 47, 50]
surface	167.5	[59, 43, 47, 50]
surface	168.0	[60, 48, 52, 55]
reduction	168.0	[60, 48, 52, 55]
surface	168.5	[59, 48, 52, 55]
surface	169.0	[60, 48, 52, 55]
surface	169.5	[65, 48, 52, 55]
surface	170.0	[64, 48, 52, 55]
reduction	170.0	[64, 48, 52, 55]
surface	170.5	[63, 48, 52, 55]
surface	171.0	[64, 48, 52, 55]
surface	171.5	[67, 48, 52, 55]
surface	172.0	[65, 43, 47, 50]
reduction	172.0	[65, 43, 47, 50]
surface	172.5	[64, 43, 47, 50]
surface	173.0	[63, 43, 47, 50]
surface	173.5	[64, 43, 47, 50]
surface	174.0	[65, 43, 47, 50]
surface	174.5	[66, 43, 47, 50]
surface	175.0	[67, 43, 47, 50]
surface	175.5	[64, 43, 47, 50]
surface	176.0	[60, 48, 52, 55]
reduction	176.0	[60, 48, 52, 55]
surface	176.5	[72, 48, 52, 55]
surface	177.0	[70, 48, 52, 55]
surface	177.5	[69, 48, 52, 55]
surface	178.0	[67, 48, 52, 55]
reduction	178.0	[67, 48, 52, 55]
surface	178.5	[66, 48, 52, 55]
surface	179.0	[67, 48, 52, 55]
grouping	180.0	[64]
surface	180.0	[66, 48, 52, 55]
reduction	180.0	[67, 48, 52, 55]
surface	180.5	[67, 48, 52, 55]
surface	181.0	[67, 48, 52, 55]
surface	181.5	[67, 48, 52, 55]
surface	182.0	[67, 48, 52, 55]
surface	182.5	[66, 48, 52, 55]
surface	183.0	[67, 48, 52, 55]
surface	183.5	[69, 48, 52, 55]
surface	184.0	[70, 48, 52, 55]
reduction	184.0	[70, 48, 52, 55]
surface	184.5	[72, 48, 52, 55]
surface	185.0	[70, 48, 52, 55]
surface	185.5	[69, 48, 52, 55]
surface	186.0	[67, 48, 52, 55]
reduction	186.0	[67, 48, 52, 55]
surface	186.5	[66, 48, 52, 55]
surface	187.0	[67, 48, 52, 55]
surface	187.5	[64, 48, 52, 55]
surface	188.0	[66, 48, 52, 55]
reduction	188.0	[67, 48, 52, 55]
surface	188.5	[67, 48, 52, 55]
surface	189.0	[69, 48, 52, 55]
surface	189.5	[70, 48, 52, 55]
surface	190.0	[72, 48, 52, 55]
reduction	190.0	[72, 48, 52, 55]
surface	191.0	[70, 48, 52, 55]
surface	191.5	[69, 48, 52, 55]
surface	192.0	[67, 48, 52, 55]
reduction	192.0	[67, 48, 52, 55]
surface	192.5	[69, 48, 52, 55]
surface	193.0	[67, 48, 52, 55]
surface	193.5	[65, 48, 52, 55]
surface	194.0	[64, 48, 52, 55]
reduction	194.0	[64, 48, 52, 55]
surface	194.5	[63, 48, 52, 55]
surface	195.0	[64, 48, 52, 55]
surface	195.5	[60, 48, 52, 55]
grouping	196.0	[64]
surface	196.0	[66, 48, 52, 55]
reduction	196.0	[67, 48, 52, 55]
surface	196.5	[67, 48, 52, 55]
surface	197.0	[67, 48, 52, 55]
surface	197.5	[67, 48, 52, 55]
surface	198.0	[67, 48, 52, 55]
surface	198.5	[66, 48, 52, 55]
surface	199.0	[67, 48, 52, 55]
surface	199.5	[69, 48, 52, 55]
surface	200.0	[70, 48, 52, 55]
reduction	200.0	[70, 48, 52, 55]
surface	200.5	[72, 48, 52, 55]
surface	201.0	[70, 48, 52, 55]
surface	201.5	[69, 48, 52, 55]
surface	202.0	[67, 48, 52, 55]
reduction	202.0	[67, 48, 52, 55]
surface	203.0	[62, 48, 52, 55]
surface	203.5	[63, 48, 52, 55]
surface	204.0	[66, 42, 48, 51, 54]
reduction	204.0	[66, 42, 48, 51, 54]
surface	204.5	[69, 42, 48, 51, 54]
surface	205.0	[67, 42, 48, 51, 54]
surface	205.5	[66, 42, 48, 51, 54]
surface	206.0	[63, 43, 47, 50]
reduction	206.0	[62, 43, 47, 50]
surface	206.5	[62, 43, 47, 50]
surface	207.0	[60, 43, 47, 50]
surface	207.5	[59, 43, 47, 50]
surface	208.0	[60, 48, 52, 55]
reduction	208.0	[60, 48, 52, 55]
surface	208.5	[69, 48, 52, 55]
surface	209.0	[67, 48, 52, 55]
surface	209.5	[65, 48, 52, 55]
surface	210.0	[64, 48, 52, 55]
reduction	210.0	[64, 48, 52, 55]
surface	210.5	[63, 48, 52, 55]
surface	211.0	[64, 48, 52, 55]
surface	212.0	[60, 48, 52, 55]
reduction	212.0	[60, 48, 52, 55]
surface	212.5	[55, 48, 52, 55]
surface	213.0	[59, 48, 52, 55]
surface	213.5	[60, 48, 52, 55]
surface	214.0	[62, 48, 52, 55]
reduction	214.0	[67, 48, 52, 55]
surface	214.5	[63, 48, 52, 55]
surface	215.0	[66, 48, 52, 55]
surface	215.5	[67, 48, 52, 55]
tonality	216.0	[62, 63, 66, 67, 69, 70, 72]
grouping	216.0	[64]
surface	216.0	[69, 50, 54, 57]
reduction	216.0	[69, 50, 54, 57]
surface	216.5	[69, 50, 54, 57]
surface	217.0	[69, 50, 54, 57]
surface	217.5	[69, 50, 54, 57]
surface	218.0	[69, 50, 54, 57]
surface	218.5	[67, 50, 54, 57]
surface	219.0	[66, 50, 54, 57]
surface	219.5	[63, 50, 54, 57]
surface	220.0	[62, 50, 54, 57]
reduction	220.0	[62, 50, 54, 57]
surface	220.5	[63, 50, 54, 57]
surface	221.0	[62, 50, 54, 57]
surface	221.5	[60, 50, 54, 57]
surface	222.0	[62, 50, 54, 57]
surface	222.5	[63, 50, 54, 57]
surface	223.0	[66, 50, 54, 57]
surface	223.5	[67, 50, 54, 57]
surface	224.0	[70, 50, 54, 57]
reduction	224.0	[69, 50, 54, 57]
surface	224.5	[69, 50, 54, 57]
surface	225.0	[67, 50, 54, 57]
surface	225.5	[66, 50, 54, 57]
surface	226.0	[63, 50, 54, 57]
reduction	226.0	[62, 50, 54, 57]
surface	226.5	[62, 50, 54, 57]
surface	227.0	[63, 50, 54, 57]
surface	227.5	[66, 50, 54, 57]
grouping	228.0	[64]
surface	228.0	[67, 43, 46, 50]
reduction	228.0	[62, 43, 46, 50]
surface	228.5	[62, 43, 46, 50]
surface	229.0	[63, 43, 46, 50]
surface	229.5	[66, 43, 46, 50]
surface	230.0	[67, 43, 46, 50]
reduction	230.0	[67, 43, 46, 50]
surface	230.5	[69, 43, 46, 50]
surface	231.0	[70, 43, 46, 50]
surface	231.5	[71, 43, 46, 50]
surface	232.0	[72, 43, 46, 50]
reduction	232.0	[67, 43, 46, 50]
surface	232.5	[69, 43, 46, 50]
surface	233.0	[70, 43, 46, 50]
surface	233.5	[67, 43, 46, 50]
surface	234.0	[69, 43, 46, 50]
surface	234.5	[66, 43, 46, 50]
surface	235.0	[67, 43, 46, 50]
surface	235.5	[63, 43, 46, 50]
surface	236.0	[62, 50, 54, 57]
reduction	236.0	[62, 50, 54, 57]
surface	236.5	[63, 50, 54, 57]
surface	237.0	[62, 50, 54, 57]
surface	237.5	[60, 50, 54, 57]
surface	238.0	[62, 50, 54, 57]
surface	238.5	[63, 50, 54, 57]
surface	239.0	[66, 50, 54, 57]
surface	239.5	[67, 50, 54, 57]
surface	240.0	[69, 43, 47, 50]
reduction	240.0	[69, 43, 47, 50]
surface	241.0	[67, 43, 47, 50]
surface	241.5	[66, 43, 47, 50]
surface	242.0	[63, 43, 47, 50]
reduction	242.0	[62, 43, 47, 50]
surface	242.5	[62, 43, 47, 50]
surface	243.0	[60, 43, 47, 50]
surface	243.5	[59, 43, 47, 50]
tonality	244.0	[60, 62, 64, 65, 67, 69, 71]
grouping	244.0	[64]
surface	244.0	[60, 48, 52, 55]
reduction	244.0	[64, 48, 52, 55]
surface	244.5	[63, 48, 52, 55]
surface	245.0	[64, 48, 52, 55]
surface	245.5	[64, 48, 52, 55]
surface	246.0	[64, 48, 52, 55]
surface	246.5	[60, 48, 52, 55]
surface	247.0	[64, 48, 52, 55]
surface	247.5	[67, 48, 52, 55]
surface	248.0	[65, 43, 47, 50]
reduction	248.0	[62, 43, 47, 50]
surface	248.5	[64, 43, 47, 50]
surface	249.0	[62, 43, 47, 50]
surface	249.5	[60, 43, 47, 50]
surface	250.0	[59, 43, 47, 50]
reduction	250.0	[59, 43, 47, 50]
surface	250.5	[55, 43, 47, 50]
surface	251.0	[57, 43, 47, 50]
surface	251.5	[59, 43, 47, 50]
surface	252.0	[60, 48, 52, 55]
reduction	252.0	[60, 48, 52, 55]
surface	252.5	[59, 48, 52, 55]
surface	253.0	[60, 48, 52, 55]
surface	253.5	[65, 48, 52, 55]
surface	254.0	[64, 48, 52, 55]
reduction	254.0	[64, 48, 52, 55]
surface	254.5	[63, 48, 52, 55]
surface	255.0	[64, 48, 52, 55]
surface	255.5	[67, 48, 52, 55]
surface	256.0	[65, 43, 47, 50]
reduction	256.0	[65, 43, 47, 50]
surface	256.5	[64, 43, 47, 50]
surface	257.0	[63, 43, 47, 50]
surface	257.5	[64, 43, 47, 50]
surface	258.0	[65, 43, 47, 50]
surface	258.5	[66, 43, 47, 50]
surface	259.0	[67, 43, 47, 50]
surface	259.5	[64, 43, 47, 50]
grouping	260.0	[64]
surface	260.0	[60, 48, 52, 55]
reduction	260.0	[64, 48, 52, 55]
surface	260.5	[69, 48, 52, 55]
surface	261.0	[67, 48, 52, 55]
surface	261.5	[65, 48, 52, 55]
surface	262.0	[64, 48, 52, 55]
surface	262.5	[63, 48, 52, 55]
surface	263.0	[64, 48, 52, 55]
surface	263.5	[67, 48, 52, 55]
surface	264.0	[65, 43, 47, 50]
reduction	264.0	[62, 43, 47, 50]
surface	264.5	[64, 43, 47, 50]
surface	265.0	[62, 43, 47, 50]
surface	265.5	[60, 43, 47, 50]
surface	266.0	[59, 43, 47, 50]
reduction	266.0	[59, 43, 47, 50]
surface	266.5	[55, 43, 47, 50]
surface	267.0	[57, 43, 47, 50]
surface	267.5	[59, 43, 47, 50]
surface	268.0	[60, 48, 52, 55]
reduction	268.0	[60, 48, 52, 55]
surface	268.5	[59, 48, 52, 55]
surface	269.0	[60, 48, 52, 55]
surface	269.5	[65, 48, 52, 55]
surface	270.0	[64, 48, 52, 55]
reduction	270.0	[64, 48, 52, 55]
surface	270.5	[63, 48, 52, 55]
surface	271.0	[64, 48, 52, 55]
surface	271.5	[67, 48, 52, 55]
surface	272.0	[65, 43, 47, 50]
reduction	272.0	[65, 43, 47, 50]
surface	272.5	[64, 43, 47, 50]
surface	273.0	[63, 43, 47, 50]
surface	273.5	[64, 43, 47, 50]
surface	274.0	[65, 43, 47, 50]
surface	274.5	[66, 43, 47, 50]
surface	275.0	[67, 43, 47, 50]
surface	275.5	[64, 43, 47, 50]
surface	276.0	[60, 48, 52, 55]
reduction	276.0	[60, 48, 52, 55]
surface	276.5	[72, 48, 52, 55]
surface	277.0	[70, 48, 52, 55]
surface	277.5	[69, 48, 52, 55]
surface	278.0	[67, 48, 52, 55]
reduction	278.0	[67, 48, 52, 55]
surface	278.5	[66, 48, 52, 55]
surface	279.0	[67, 48, 52, 55]
grouping	280.0	[64]
surface	280.0	[71, 48, 52, 55]
reduction	280.0	[72, 48, 52, 55]
surface	280.5	[72, 48, 52, 55]
surface	281.0	[72, 48, 52, 55]
surface	281.5	[72, 48, 52, 55]
surface	282.0	[72, 48, 52, 55]
surface	282.5	[72, 48, 52, 55]
surface	283.0	[71, 48, 52, 55]
surface	283.5	[72, 48, 52, 55]
surface	284.0	[74, 43, 47, 50]
reduction	284.0	[71, 43, 47, 50]
surface	284.5	[72, 43, 47, 50]
surface	285.0	[71, 43, 47, 50]
surface	285.5	[69, 43, 47, 50]
surface	286.0	[71, 43, 47, 50]
surface	286.5	[72, 43, 47, 50]
surface	287.0	[74, 43, 47, 50]
surface	288.0	[67, 45, 48, 52]
reduction	288.0	[69, 45, 48, 52]
surface	288.5	[69, 45, 48, 52]
surface	289.0	[69, 45, 48, 52]
surface	289.5	[69, 45, 48, 52]
surface	290.0	[69, 45, 48, 52]
surface	290.5	[69, 45, 48, 52]
surface	291.0	[69, 45, 48, 52]
surface	291.5	[67, 45, 48, 52]
surface	292.0	[69, 45, 48, 52]
reduction	292.0	[69, 45, 48, 52]
surface	292.5	[72, 45, 48, 52]
surface	293.0	[70, 45, 48, 52]
surface	293.5	[69, 45, 48, 52]
surface	294.0	[67, 45, 48, 52]
reduction	294.0	[67, 45, 48, 52]
surface	294.5	[66, 45, 48, 52]
surface	295.0	[67, 45, 48, 52]
grouping	296.0	[64]
surface	296.0	[71, 48, 52, 55]
reduction	296.0	[72, 48, 52, 55]
surface	296.5	[72, 48, 52, 55]
surface	297.0	[72, 48, 52, 55]
surface	297.5	[72, 48, 52, 55]
surface	298.0	[72, 48, 52, 55]
surface	298.5	[72, 48, 52, 55]
surface	299.0	[71, 48, 52, 55]
surface	299.5	[72, 48, 52, 55]
surface	300.0	[74, 43, 47, 50]
reduction	300.0	[71, 43, 47, 50]
surface	300.5	[72, 43, 47, 50]
surface	301.0	[71, 43, 47, 50]
surface	301.5	[69, 43, 47, 50]
surface	302.0	[71, 43, 47, 50]
surface	302.5	[72, 43, 47, 50]
surface	303.0	[74, 43, 47, 50]
surface	304.0	[67, 45, 48, 52]
reduction	304.0	[69, 45, 48, 52]
surface	304.5	[69, 45, 48, 52]
surface	305.0	[69, 45, 48, 52]
surface	305.5	[69, 45, 48, 52]
surface	306.0	[69, 45, 48, 52]
surface	306.5	[69, 45, 48, 52]
surface	307.0	[69, 45, 48, 52]
surface	307.5	[67, 45, 48, 52]
surface	308.0	[69, 45, 48, 52]
reduction	308.0	[69, 45, 48, 52]
surface	308.5	[72, 45, 48, 52]
surface	309.0	[70, 45, 48, 52]
surface	309.5	[69, 45, 48, 52]
surface	310.0	[67, 45, 48, 52]
reduction	310.0	[67, 45, 48, 52]
surface	310.5	[66, 45, 48, 52]
surface	311.0	[67, 45, 48, 52]
grouping	312.0	[64]
surface	312.0	[67, 48, 52, 55]
reduction	312.0	[67, 48, 52, 55]
surface	312.5	[66, 48, 52, 55]
surface	313.0	[67, 48, 52, 55]
surface	313.5	[69, 48, 52, 55]
surface	314.0	[70, 48, 52, 55]
surface	314.5	[67, 48, 52, 55]
surface	315.0	[69, 48, 52, 55]
surface	315.5	[65, 48, 52, 55]
surface	316.0	[64, 48, 52, 55]
reduction	316.0	[64, 48, 52, 55]
surface	316.5	[63, 48, 52, 55]
surface	317.0	[64, 48, 52, 55]
surface	317.5	[65, 48, 52, 55]
surface	318.0	[69, 48, 52, 55]
surface	318.5	[67, 48, 52, 55]
surface	319.0	[65, 48, 52, 55]
surface	319.5	[64, 48, 52, 55]
surface	320.0	[62, 43, 47, 50]
reduction	320.0	[62, 43, 47, 50]
surface	320.5	[61, 43, 47, 50]
surface	321.0	[62, 43, 47, 50]
surface	321.5	[64, 43, 47, 50]
surface	322.0	[65, 43, 47, 50]
surface	322.5	[66, 43, 47, 50]
surface	323.0	[67, 43, 47, 50]
surface	323.5	[64, 43, 47, 50]
surface	324.0	[60, 48, 52, 55]
reduction	324.0	[60, 48, 52, 55]
surface	324.5	[72, 48, 52, 55]
surface	325.0	[70, 48, 52, 55]
surface	325.5	[69, 48, 52, 55]
surface	326.0	[67, 48, 52, 55]
reduction	326.0	[67, 48, 52, 55]
surface	326.5	[66, 48, 52, 55]
surface	327.0	[67, 48, 52, 55]
grouping	328.0	[64]
surface	328.0	[67, 48, 52, 55]
reduction	328.0	[67, 48, 52, 55]
surface	328.5	[66, 48, 52, 55]
surface	329.0	[67, 48, 52, 55]
surface	329.5	[69, 48, 52, 55]
surface	330.0	[70, 48, 52, 55]
surface	330.5	[67, 48, 52, 55]
surface	331.0	[69, 48, 52, 55]
surface	331.5	[65, 48, 52, 55]
surface	332.0	[64, 48, 52, 55]
reduction	332.0	[64, 48, 52, 55]
surface	332.5	[63, 48, 52, 55]
surface	333.0	[64, 48, 52, 55]
surface	333.5	[65, 48, 52, 55]
surface	334.0	[69, 48, 52, 55]
surface	334.5	[67, 48, 52, 55]
surface	335.0	[65, 48, 52, 55]
surface	335.5	[64, 48, 52, 55]
surface	336.0	[55, 43, 47, 50]
reduction	336.0	[55, 43, 47, 50]
surface	336.5	[57, 43, 47, 50]
surface	336.75	[55, 43, 47, 50]
surface	337.0	[54, 43, 47, 50]
surface	337.5	[55, 43, 47, 50]
surface	338.0	[56, 43, 47, 50]
surface	338.5	[57, 43, 47, 50]
surface	339.0	[58, 43, 47, 50]
surface	339.5	[59, 43, 47, 50]
surface	340.0	[60, 48, 52, 55]
reduction	340.0	[60, 48, 52, 55]
surface	341.0	[55, 43, 47, 50]
reduction	341.0	[55, 43, 47, 50]
surface	342.0	[60, 48, 52, 55]
reduction	342.0	[60, 48, 52, 55]
