tonality	0.0	[64, 65, 67, 69, 71, 72, 74]
grouping	0.0	[64, 67]
surface	0.0	[77, 47, 52, 55, 59]
reduction	0.0	[76, 47, 52, 55, 59]
surface	0.166666666667	[76, 47, 52, 55, 59]
surface	0.333333333333	[74, 47, 52, 55, 59]
surface	0.5	[73, 47, 52, 55, 59]
surface	0.75	[74, 47, 52, 55, 59]
surface	1.0	[76, 52, 55, 59]
reduction	1.0	[76, 52, 55, 59]
surface	1.5	[76, 52, 55, 59]
surface	2.0	[76, 52, 55, 59]
surface	2.5	[77, 47, 52, 55, 59]
reduction	2.5	[76, 47, 52, 55, 59]
surface	2.66666666667	[76, 47, 52, 55, 59]
surface	2.83333333333	[74, 47, 52, 55, 59]
surface	3.0	[73, 47, 52, 55, 59]
surface	3.25	[74, 47, 52, 55, 59]
surface	3.5	[76, 52, 55, 59]
reduction	3.5	[76, 52, 55, 59]
surface	4.0	[76, 52, 55, 59]
surface	4.5	[76, 52, 55, 59]
grouping	5.0	[64]
surface	5.0	[73, 47, 52, 55, 59]
reduction	5.0	[76, 47, 52, 55, 59]
surface	5.25	[74, 47, 52, 55, 59]
surface	5.5	[76, 47, 52, 55, 59]
surface	5.75	[78, 47, 52, 55, 59]
surface	6.0	[79, 52, 55, 59]
reduction	6.0	[79, 52, 55, 59]
surface	6.25	[77, 52, 55, 59]
surface	6.5	[76, 52, 55, 59]
reduction	6.5	[76, 52, 55, 59]
surface	6.75	[74, 52, 55, 59]
surface	7.0	[72, 52, 55, 59]
reduction	7.0	[71, 52, 55, 59]
surface	7.25	[71, 52, 55, 59]
surface	7.5	[69, 50, 53, 57]
reduction	7.5	[69, 50, 53, 57]
surface	7.75	[67, 50, 53, 57]
surface	8.0	[66, 50, 53, 57]
surface	8.25	[65, 50, 53, 57]
surface	8.5	[64, 52, 55, 59]
reduction	8.5	[64, 52, 55, 59]
surface	9.0	[64, 52, 55, 59]
surface	9.5	[64, 52, 55, 59]
grouping	10.0	[64]
surface	10.0	[77, 47, 52, 55, 59]
reduction	10.0	[76, 47, 52, 55, 59]
surface	10.1666666667	[76, 47, 52, 55, 59]
surface	10.3333333333	[74, 47, 52, 55, 59]
surface	10.5	[73, 47, 52, 55, 59]
surface	10.75	[74, 47, 52, 55, 59]
surface	11.0	[76, 52, 55, 59]
reduction	11.0	[76, 52, 55, 59]
surface	11.5	[76, 52, 55, 59]
surface	12.0	[76, 52, 55, 59]
surface	12.5	[77, 47, 52, 55, 59]
reduction	12.5	[76, 47, 52, 55, 59]
surface	12.6666666667	[76, 47, 52, 55, 59]
surface	12.8333333333	[74, 47, 52, 55, 59]
surface	13.0	[73, 47, 52, 55, 59]
surface	13.25	[74, 47, 52, 55, 59]
surface	13.5	[76, 52, 55, 59]
reduction	13.5	[76, 52, 55, 59]
surface	14.0	[76, 52, 55, 59]
surface	14.5	[76, 52, 55, 59]
grouping	15.0	[64]
surface	15.0	[73, 47, 52, 55, 59]
reduction	15.0	[76, 47, 52, 55, 59]
surface	15.25	[74, 47, 52, 55, 59]
surface	15.5	[76, 47, 52, 55, 59]
surface	15.75	[78, 47, 52, 55, 59]
surface	16.0	[79, 52, 55, 59]
reduction	16.0	[79, 52, 55, 59]
surface	16.25	[76, 52, 55, 59]
surface	16.5	[77, 52, 55, 59]
reduction	16.5	[76, 52, 55, 59]
surface	16.75	[74, 52, 55, 59]
surface	17.0	[72, 52, 55, 59]
reduction	17.0	[71, 52, 55, 59]
surface	17.25	[71, 52, 55, 59]
surface	17.5	[69, 50, 53, 57]
reduction	17.5	[69, 50, 53, 57]
surface	17.6666666667	[67, 50, 53, 57]
surface	17.8333333333	[66, 50, 53, 57]
surface	18.0	[65, 50, 53, 57]
surface	18.25	[64, 50, 53, 57]
surface	18.5	[64, 52, 55, 59]
reduction	18.5	[64, 52, 55, 59]
surface	19.0	[64, 52, 55, 59]
surface	19.5	[64, 52, 55, 59]
grouping	20.0	[64, 67]
surface	20.0	[73, 47, 52, 55, 59]
reduction	20.0	[76, 47, 52, 55, 59]
surface	20.5	[74, 47, 52, 55, 59]
surface	21.0	[76, 52, 55, 59]
reduction	21.0	[76, 52, 55, 59]
surface	21.5	[76, 52, 55, 59]
reduction	22.0	[76, 52, 55, 59]
surface	22.5	[79, 47, 52, 55, 59]
reduction	22.5	[79, 47, 52, 55, 59]
surface	23.5	[76, 52, 55, 59]
reduction	23.5	[76, 52, 55, 59]
surface	24.5	[74, 47, 52, 55, 59]
reduction	24.5	[71, 47, 52, 55, 59]
surface	25.0	[73, 47, 52, 55, 59]
surface	25.5	[74, 52, 55, 59]
reduction	25.5	[71, 52, 55, 59]
surface	26.0	[73, 52, 55, 59]
surface	26.5	[76, 52, 55, 59]
surface	27.0	[71, 47, 52, 55, 59]
reduction	27.0	[71, 47, 52, 55, 59]
surface	27.5	[71, 47, 52, 55, 59]
surface	27.75	[72, 47, 52, 55, 59]
surface	28.0	[71, 52, 55, 59]
reduction	28.0	[71, 52, 55, 59]
surface	28.25	[69, 52, 55, 59]
surface	28.5	[71, 52, 55, 59]
reduction	28.5	[71, 52, 55, 59]
grouping	29.0	[64]
surface	29.0	[73, 47, 52, 55, 59]
reduction	29.0	[76, 47, 52, 55, 59]
surface	29.5	[74, 47, 52, 55, 59]
surface	30.0	[76, 52, 55, 59]
reduction	30.0	[76, 52, 55, 59]
surface	30.5	[76, 52, 55, 59]
reduction	31.0	[76, 52, 55, 59]
surface	31.5	[79, 47, 52, 55, 59]
reduction	31.5	[79, 47, 52, 55, 59]
surface	32.5	[76, 52, 55, 59]
reduction	32.5	[76, 52, 55, 59]
surface	33.5	[74, 47, 52, 55, 59]
reduction	33.5	[71, 47, 52, 55, 59]
surface	34.0	[73, 47, 52, 55, 59]
surface	34.5	[74, 52, 55, 59]
reduction	34.5	[71, 52, 55, 59]
surface	35.0	[73, 52, 55, 59]
surface	35.5	[76, 52, 55, 59]
surface	36.0	[71, 47, 52, 55, 59]
reduction	36.0	[71, 47, 52, 55, 59]
surface	36.5	[71, 47, 52, 55, 59]
surface	36.75	[72, 47, 52, 55, 59]
surface	37.0	[71, 52, 55, 59]
reduction	37.0	[71, 52, 55, 59]
surface	37.25	[69, 52, 55, 59]
surface	37.5	[71, 52, 55, 59]
reduction	37.5	[71, 52, 55, 59]
grouping	38.0	[64]
surface	38.0	[69, 47, 52, 55, 59]
reduction	38.0	[71, 47, 52, 55, 59]
surface	38.5	[71, 47, 52, 55, 59]
surface	39.0	[71, 52, 55, 59]
reduction	39.0	[71, 52, 55, 59]
surface	39.5	[71, 52, 55, 59]
surface	40.0	[69, 52, 55, 59]
surface	40.5	[69, 47, 52, 55, 59]
reduction	40.5	[71, 47, 52, 55, 59]
surface	41.0	[69, 47, 52, 55, 59]
surface	41.25	[71, 47, 52, 55, 59]
surface	41.5	[67, 52, 55, 59]
reduction	41.5	[71, 52, 55, 59]
surface	42.0	[66, 52, 55, 59]
reduction	42.0	[67, 52, 55, 59]
surface	42.5	[67, 47, 52, 55, 59]
reduction	42.5	[67, 47, 52, 55, 59]
surface	43.0	[66, 47, 52, 55, 59]
surface	43.5	[67, 52, 55, 59]
reduction	43.5	[64, 52, 55, 59]
surface	44.0	[65, 52, 55, 59]
surface	44.5	[64, 52, 55, 59]
reduction	44.5	[69, 52, 55, 59]
surface	45.0	[69, 45, 48, 52]
reduction	45.0	[69, 45, 48, 52]
surface	45.5	[69, 45, 48, 52]
surface	45.75	[71, 45, 48, 52]
surface	46.0	[69, 45, 48, 52]
surface	46.25	[67, 45, 48, 52]
surface	46.5	[69, 45, 48, 52]
reduction	46.5	[69, 45, 48, 52]
grouping	47.0	[64]
surface	47.0	[69, 47, 52, 55, 59]
reduction	47.0	[71, 47, 52, 55, 59]
surface	47.5	[71, 47, 52, 55, 59]
surface	48.0	[71, 52, 55, 59]
reduction	48.0	[71, 52, 55, 59]
surface	48.5	[71, 52, 55, 59]
surface	49.0	[69, 52, 55, 59]
surface	49.5	[69, 47, 52, 55, 59]
reduction	49.5	[71, 47, 52, 55, 59]
surface	50.0	[69, 47, 52, 55, 59]
surface	50.25	[71, 47, 52, 55, 59]
surface	50.5	[67, 52, 55, 59]
reduction	50.5	[71, 52, 55, 59]
surface	51.0	[66, 52, 55, 59]
reduction	51.0	[67, 52, 55, 59]
surface	51.5	[67, 52, 55, 59]
reduction	51.5	[67, 52, 55, 59]
surface	52.0	[66, 52, 55, 59]
surface	52.5	[67, 50, 53, 57]
reduction	52.5	[64, 50, 53, 57]
surface	53.0	[65, 50, 53, 57]
surface	53.5	[64, 52, 55, 59]
reduction	53.5	[64, 52, 55, 59]
surface	54.0	[64, 52, 55, 59]
surface	54.5	[64, 52, 55, 59]
surface	54.75	[65, 52, 55, 59]
surface	55.0	[64, 52, 55, 59]
surface	55.25	[62, 52, 55, 59]
surface	55.5	[64]
reduction	55.5	[64]
