tonality	0.0	[67, 69, 70, 72, 74, 75, 77]
grouping	2.0	[69]
surface	2.0	[74, 43, 46, 50]
reduction	2.0	[86, 43, 46, 50]
surface	1.33333333333	[79, 43, 46, 50]
surface	1.66666666667	[82, 43, 46, 50]
surface	2.0	[86, 43, 46, 50]
surface	2.33333333333	[86, 43, 46, 50]
surface	2.66666666667	[86, 43, 46, 50]
surface	3.0	[86, 43, 46, 50]
surface	3.33333333333	[87, 43, 46, 50]
surface	3.66666666667	[86, 43, 46, 50]
surface	4.0	[85, 49, 52, 55]
reduction	4.0	[85, 49, 52, 55]
surface	4.33333333333	[85, 49, 52, 55]
surface	4.66666666667	[85, 49, 52, 55]
surface	5.0	[85, 49, 52, 55]
surface	5.33333333333	[86, 49, 52, 55]
surface	5.66666666667	[85, 49, 52, 55]
surface	6.0	[84, 48, 51, 54]
reduction	6.0	[84, 48, 51, 54]
surface	6.33333333333	[84, 48, 51, 54]
surface	6.66666666667	[84, 48, 51, 54]
surface	7.0	[84, 48, 51, 54]
surface	7.33333333333	[86, 48, 51, 54]
surface	7.66666666667	[84, 48, 51, 54]
surface	8.0	[82, 43, 46, 50]
reduction	8.0	[82, 43, 46, 50]
surface	8.33333333333	[84, 43, 46, 50]
surface	8.66666666667	[82, 43, 46, 50]
surface	9.0	[81, 50, 54, 57]
reduction	9.0	[81, 50, 54, 57]
surface	9.33333333333	[82, 50, 54, 57]
surface	9.66666666667	[81, 50, 54, 57]
grouping	10.0	[69]
surface	10.0	[79, 43, 46, 50]
reduction	10.0	[79, 43, 46, 50]
surface	10.3333333333	[79, 43, 46, 50]
surface	10.6666666667	[75, 43, 46, 50]
surface	10.8333333333	[74, 43, 46, 50]
surface	11.0	[73, 43, 46, 50]
surface	11.5	[74, 43, 46, 50]
surface	12.0	[75, 43, 46, 50]
reduction	12.0	[74, 43, 46, 50]
surface	12.5	[76, 43, 46, 50]
surface	13.0	[77, 43, 46, 50]
surface	13.5	[78, 43, 46, 50]
surface	14.0	[79, 43, 46, 50]
reduction	14.0	[79, 43, 46, 50]
surface	14.3333333333	[79, 43, 46, 50]
surface	14.6666666667	[75, 43, 46, 50]
surface	14.8333333333	[74, 43, 46, 50]
surface	15.0	[73, 43, 46, 50]
surface	15.5	[74, 43, 46, 50]
surface	16.0	[75, 43, 46, 50]
reduction	16.0	[74, 43, 46, 50]
surface	16.5	[76, 43, 46, 50]
surface	17.0	[77, 43, 46, 50]
surface	17.5	[78, 43, 46, 50]
surface	18.0	[79, 43, 47, 50]
reduction	18.0	[79, 43, 47, 50]
surface	20.0	[80, 44, 48, 51]
reduction	20.0	[80, 44, 48, 51]
surface	22.0	[79, 43, 47, 50]
reduction	22.0	[79, 43, 47, 50]
surface	22.3333333333	[80, 43, 47, 50]
surface	22.6666666667	[79, 43, 47, 50]
surface	23.0	[77, 43, 47, 50]
surface	23.3333333333	[79, 43, 47, 50]
surface	23.6666666667	[77, 43, 47, 50]
surface	24.0	[75, 41, 43, 47, 50]
reduction	24.0	[79, 41, 43, 47, 50]
surface	24.3333333333	[77, 41, 43, 47, 50]
surface	24.6666666667	[75, 41, 43, 47, 50]
surface	25.0	[74, 41, 43, 47, 50]
surface	25.3333333333	[75, 41, 43, 47, 50]
surface	25.6666666667	[74, 41, 43, 47, 50]
surface	26.0	[77, 48, 51, 55]
reduction	26.0	[75, 48, 51, 55]
surface	26.3333333333	[77, 48, 51, 55]
surface	26.6666666667	[76, 48, 51, 55]
surface	27.0	[75, 48, 51, 55]
surface	28.25	[59, 48, 51, 55]
surface	28.5	[60, 48, 51, 55]
surface	28.75	[62, 48, 51, 55]
surface	29.0	[63, 48, 51, 55]
surface	29.25	[66, 48, 51, 55]
surface	29.5	[67, 48, 51, 55]
surface	29.75	[71, 48, 51, 55]
grouping	30.0	[69]
surface	30.0	[72, 48, 51, 55]
reduction	30.0	[72, 48, 51, 55]
surface	30.25	[71, 48, 51, 55]
surface	30.5	[72, 48, 51, 55]
surface	30.75	[74, 48, 51, 55]
surface	31.0	[75, 48, 51, 55]
surface	31.25	[78, 48, 51, 55]
surface	31.5	[79, 48, 51, 55]
surface	31.75	[75, 48, 51, 55]
surface	32.0	[72, 48, 51, 55]
surface	32.3333333333	[72, 48, 51, 55]
surface	32.6666666667	[72, 48, 51, 55]
surface	33.0	[72, 48, 51, 55]
surface	33.3333333333	[71, 48, 51, 55]
surface	33.6666666667	[70, 48, 51, 55]
surface	34.0	[69, 41, 45, 48]
reduction	34.0	[69, 41, 45, 48]
surface	34.3333333333	[53, 41, 45, 48]
surface	34.6666666667	[57, 41, 45, 48]
surface	35.0	[60, 41, 45, 48]
surface	35.3333333333	[62, 41, 45, 48]
surface	35.6666666667	[64, 41, 45, 48]
surface	36.0	[65, 41, 45, 48]
reduction	36.0	[77, 41, 45, 48]
surface	36.3333333333	[77, 41, 45, 48]
surface	36.6666666667	[77, 41, 45, 48]
surface	37.0	[77, 41, 45, 48]
surface	37.3333333333	[76, 41, 45, 48]
surface	37.6666666667	[75, 41, 45, 48]
surface	38.0	[74, 46, 50, 53]
reduction	38.0	[74, 46, 50, 53]
surface	38.3333333333	[58, 46, 50, 53]
surface	38.6666666667	[62, 46, 50, 53]
surface	39.0	[65, 46, 50, 53]
surface	39.3333333333	[67, 46, 50, 53]
surface	39.6666666667	[69, 46, 50, 53]
surface	40.0	[70, 46, 50, 53]
reduction	40.0	[70, 46, 50, 53]
surface	40.5	[70, 46, 50, 53]
surface	40.6666666667	[69, 46, 50, 53]
surface	40.8333333333	[67, 46, 50, 53]
surface	41.0	[66, 46, 50, 53]
surface	41.25	[67, 46, 50, 53]
surface	41.5	[69, 46, 50, 53]
surface	41.75	[70, 46, 50, 53]
surface	42.0	[73, 49, 52, 55, 58]
reduction	42.0	[73, 49, 52, 55, 58]
surface	42.3333333333	[73, 49, 52, 55, 58]
surface	42.6666666667	[73, 49, 52, 55, 58]
surface	43.0	[73, 49, 52, 55, 58]
surface	43.3333333333	[73, 49, 52, 55, 58]
surface	43.6666666667	[73, 49, 52, 55, 58]
surface	44.0	[73, 50, 54, 57]
reduction	44.0	[72, 50, 54, 57]
surface	44.5	[70, 50, 54, 57]
surface	44.6666666667	[69, 50, 54, 57]
surface	44.8333333333	[70, 50, 54, 57]
surface	45.0	[72, 50, 54, 57]
surface	45.25	[70, 50, 54, 57]
surface	45.5	[69, 50, 54, 57]
surface	45.75	[70, 50, 54, 57]
surface	46.0	[67, 43, 46, 50]
reduction	46.0	[67, 43, 46, 50]
surface	47.0	[62, 50, 54, 57]
reduction	47.0	[62, 50, 54, 57]
surface	48.0	[67, 43, 46, 50]
reduction	48.0	[67, 43, 46, 50]
surface	49.0	[62, 50, 54, 57, 60]
reduction	49.0	[62, 50, 54, 57, 60]
grouping	50.0	[67, 72]
surface	50.0	[74, 43, 46, 50]
reduction	50.0	[74, 43, 46, 50]
surface	50.3333333333	[75, 43, 46, 50]
surface	50.6666666667	[74, 43, 46, 50]
surface	51.0	[73, 43, 46, 50]
surface	51.3333333333	[74, 43, 46, 50]
surface	51.6666666667	[73, 43, 46, 50]
surface	52.0	[72, 43, 46, 50]
surface	52.3333333333	[74, 43, 46, 50]
surface	52.6666666667	[72, 43, 46, 50]
surface	53.0	[70, 43, 46, 50]
surface	53.3333333333	[70, 43, 46, 50]
surface	53.6666666667	[73, 43, 46, 50]
surface	54.0	[74, 43, 46, 50]
reduction	54.0	[74, 43, 46, 50]
surface	54.3333333333	[75, 43, 46, 50]
surface	54.6666666667	[74, 43, 46, 50]
surface	55.0	[73, 43, 46, 50]
surface	55.3333333333	[74, 43, 46, 50]
surface	55.6666666667	[73, 43, 46, 50]
surface	56.0	[72, 43, 46, 50]
surface	56.3333333333	[74, 43, 46, 50]
surface	56.6666666667	[72, 43, 46, 50]
surface	57.0	[70, 43, 46, 50]
surface	57.3333333333	[70, 43, 46, 50]
surface	57.6666666667	[74, 43, 46, 50]
surface	58.0	[75, 48, 51, 55]
reduction	58.0	[75, 48, 51, 55]
surface	58.3333333333	[75, 48, 51, 55]
surface	58.6666666667	[75, 48, 51, 55]
surface	59.0	[75, 48, 51, 55]
surface	59.3333333333	[75, 48, 51, 55]
surface	59.6666666667	[74, 48, 51, 55]
surface	60.0	[73, 43, 46, 50]
reduction	60.0	[74, 43, 46, 50]
surface	60.3333333333	[73, 43, 46, 50]
surface	60.6666666667	[75, 43, 46, 50]
surface	61.0	[74, 43, 46, 50]
grouping	62.0	[69]
surface	62.0	[43, 46, 50]
reduction	62.0	[74, 43, 46, 50]
surface	62.5	[62, 43, 46, 50]
surface	63.0	[63, 43, 46, 50]
surface	63.5	[66, 43, 46, 50]
surface	64.0	[67, 43, 46, 50]
surface	64.5	[69, 43, 46, 50]
surface	65.0	[70, 43, 46, 50]
surface	65.5	[73, 43, 46, 50]
surface	66.0	[74, 43, 46, 50]
reduction	66.0	[74, 43, 46, 50]
surface	66.3333333333	[75, 43, 46, 50]
surface	66.6666666667	[74, 43, 46, 50]
surface	67.0	[73, 49, 52, 55]
reduction	67.0	[74, 49, 52, 55]
surface	67.3333333333	[74, 49, 52, 55]
surface	67.6666666667	[73, 49, 52, 55]
surface	68.0	[72, 48, 51, 54]
reduction	68.0	[74, 48, 51, 54]
surface	68.3333333333	[74, 48, 51, 54]
surface	68.6666666667	[72, 48, 51, 54]
surface	69.0	[70, 43, 46, 50]
reduction	69.0	[74, 43, 46, 50]
surface	69.3333333333	[70, 43, 46, 50]
surface	69.6666666667	[73, 43, 46, 50]
surface	70.0	[74, 43, 46, 50]
reduction	70.0	[74, 43, 46, 50]
surface	70.3333333333	[75, 43, 46, 50]
surface	70.6666666667	[74, 43, 46, 50]
surface	71.0	[73, 49, 52, 55]
reduction	71.0	[74, 49, 52, 55]
surface	71.3333333333	[74, 49, 52, 55]
surface	71.6666666667	[73, 49, 52, 55]
surface	72.0	[72, 48, 51, 54]
reduction	72.0	[74, 48, 51, 54]
surface	72.3333333333	[74, 48, 51, 54]
surface	72.6666666667	[72, 48, 51, 54]
surface	73.0	[70, 43, 46, 50]
reduction	73.0	[74, 43, 46, 50]
surface	73.3333333333	[70, 43, 46, 50]
surface	73.6666666667	[74, 43, 46, 50]
surface	74.0	[75, 48, 51, 55]
reduction	74.0	[75, 48, 51, 55]
surface	74.3333333333	[75, 48, 51, 55]
surface	74.6666666667	[75, 48, 51, 55]
surface	75.0	[75, 48, 51, 55]
surface	75.3333333333	[75, 48, 51, 55]
surface	75.6666666667	[74, 48, 51, 55]
surface	76.0	[73, 43, 46, 50]
reduction	76.0	[74, 43, 46, 50]
surface	76.3333333333	[73, 43, 46, 50]
surface	76.6666666667	[75, 43, 46, 50]
surface	77.0	[74, 43, 46, 50]
grouping	78.0	[69]
surface	78.0	[43, 46, 50]
reduction	78.0	[74, 43, 46, 50]
surface	78.5	[62, 43, 46, 50]
surface	79.0	[63, 43, 46, 50]
surface	79.5	[66, 43, 46, 50]
surface	80.0	[67, 43, 46, 50]
surface	80.5	[69, 43, 46, 50]
surface	81.0	[70, 43, 46, 50]
surface	81.5	[73, 43, 46, 50]
surface	82.0	[74, 43, 46, 50]
reduction	82.0	[74, 43, 46, 50]
surface	82.75	[74, 43, 46, 50]
surface	82.875	[75, 43, 46, 50]
surface	83.0	[74, 43, 46, 50]
surface	83.5	[75, 43, 46, 50]
surface	84.0	[77, 43, 47, 50]
reduction	84.0	[77, 43, 47, 50]
surface	85.0	[74, 43, 47, 50]
reduction	85.0	[74, 43, 47, 50]
surface	86.0	[71, 43, 47, 50]
reduction	86.0	[71, 43, 47, 50]
surface	86.3333333333	[72, 43, 47, 50]
surface	86.6666666667	[71, 43, 47, 50]
surface	87.0	[68, 43, 47, 50]
surface	87.3333333333	[71, 43, 47, 50]
surface	87.6666666667	[68, 43, 47, 50]
surface	88.0	[67, 43, 47, 50]
reduction	88.0	[67, 43, 47, 50]
surface	90.0	[77, 41, 43, 47, 50]
reduction	90.0	[77, 41, 43, 47, 50]
surface	91.0	[77, 41, 43, 47, 50]
surface	91.3333333333	[77, 41, 43, 47, 50]
surface	91.6666666667	[77, 41, 43, 47, 50]
surface	92.0	[77, 48, 51, 55]
reduction	92.0	[75, 48, 51, 55]
surface	92.3333333333	[79, 48, 51, 55]
surface	92.6666666667	[77, 48, 51, 55]
surface	93.0	[75, 48, 51, 55]
surface	94.0	[48, 51, 55]
reduction	94.0	[72, 48, 51, 55]
surface	94.25	[59, 48, 51, 55]
surface	94.5	[60, 48, 51, 55]
surface	94.75	[62, 48, 51, 55]
surface	95.0	[63, 48, 51, 55]
surface	95.25	[66, 48, 51, 55]
surface	95.5	[67, 48, 51, 55]
surface	95.75	[71, 48, 51, 55]
surface	96.0	[72, 48, 51, 55]
surface	96.25	[71, 48, 51, 55]
surface	96.5	[72, 48, 51, 55]
surface	96.75	[74, 48, 51, 55]
surface	97.0	[75, 48, 51, 55]
surface	97.25	[78, 48, 51, 55]
surface	97.5	[79, 48, 51, 55]
surface	97.75	[75, 48, 51, 55]
grouping	98.0	[69]
surface	98.0	[72, 48, 51, 55]
reduction	98.0	[72, 48, 51, 55]
surface	99.0	[67, 48, 51, 55]
surface	99.3333333333	[67, 48, 51, 55]
surface	99.6666666667	[70, 48, 51, 55]
surface	100.0	[73, 49, 52, 55]
reduction	100.0	[73, 49, 52, 55]
surface	100.333333333	[73, 49, 52, 55]
surface	100.666666667	[73, 49, 52, 55]
surface	101.0	[73, 49, 52, 55]
surface	101.333333333	[73, 49, 52, 55]
surface	101.666666667	[73, 49, 52, 55]
surface	102.0	[73, 49, 52, 55]
reduction	102.0	[73, 49, 52, 55]
surface	103.0	[78, 49, 52, 55]
surface	103.333333333	[78, 49, 52, 55]
surface	103.666666667	[78, 49, 52, 55]
surface	104.0	[78, 50, 54, 57]
reduction	104.0	[78, 50, 54, 57]
surface	104.5	[79, 50, 54, 57]
surface	105.0	[75, 50, 54, 57]
surface	105.5	[74, 50, 54, 57]
surface	106.0	[73, 50, 54, 57]
reduction	106.0	[74, 50, 54, 57]
surface	107.0	[74, 50, 54, 57]
surface	108.0	[70, 43, 46, 50]
reduction	108.0	[70, 43, 46, 50]
surface	108.333333333	[70, 43, 46, 50]
surface	108.666666667	[69, 43, 46, 50]
surface	109.0	[67, 43, 46, 50]
surface	110.0	[67, 50, 54, 57]
reduction	110.0	[62, 50, 54, 57]
surface	110.5	[62, 50, 54, 57]
surface	111.0	[63, 50, 54, 57]
surface	111.5	[66, 50, 54, 57]
surface	112.0	[67, 50, 54, 57]
surface	113.0	[62, 50, 54, 57]
surface	114.0	[67, 43, 46, 50]
reduction	114.0	[67, 43, 46, 50]
surface	115.0	[74]
reduction	115.0	[74]
surface	115.333333333	[79]
surface	115.666666667	[82]
