tonality	0.0	[76, 77, 78, 81, 83, 84, 86]
grouping	0.0	[72, 76, 79]
reduction	0.0	[70, 74, 77, 79]
reduction	2.0	[70, 74, 77, 79]
reduction	4.0	[70, 74, 77, 79]
reduction	6.0	[70, 74, 77, 79]
surface	8.0	[70, 74, 77, 79, 67]
reduction	8.0	[70, 74, 77, 79, 67]
surface	0.5	[70, 74, 77, 79, 67]
surface	1.0	[70, 74, 77, 79, 67]
surface	1.5	[70, 74, 77, 79, 67]
surface	2.0	[70, 74, 77, 79, 67]
surface	2.5	[70, 74, 77, 79, 67]
surface	3.0	[70, 74, 77, 79, 67]
surface	3.5	[70, 74, 77, 79, 67]
surface	4.0	[70, 74, 77, 79, 67]
surface	4.5	[70, 74, 77, 79, 67]
surface	5.0	[70, 74, 77, 79, 67]
surface	5.5	[70, 74, 77, 79, 67]
surface	6.0	[70, 74, 77, 79, 67]
surface	6.5	[70, 74, 77, 79, 67]
surface	7.0	[70, 74, 77, 79, 67]
surface	7.5	[70, 74, 77, 79, 67]
surface	8.0	[70, 74, 77, 79, 67]
surface	8.5	[70, 74, 77, 79, 67]
surface	9.0	[70, 74, 77, 79, 67]
surface	9.5	[70, 74, 77, 79, 67]
surface	10.0	[70, 74, 77, 79, 65]
reduction	10.0	[70, 74, 77, 79, 65]
surface	10.5	[70, 74, 77, 79, 64]
surface	11.0	[70, 74, 77, 79, 65]
surface	11.5	[70, 74, 77, 79, 67]
surface	12.0	[70, 74, 77, 79, 69]
reduction	12.0	[70, 74, 77, 79, 69]
surface	12.5	[70, 74, 77, 79, 67]
surface	13.0	[70, 74, 77, 79, 65]
reduction	13.0	[70, 74, 77, 79, 65]
surface	13.5	[70, 74, 77, 79, 65]
surface	14.0	[70, 74, 77, 79, 62]
reduction	14.0	[70, 74, 77, 79, 62]
surface	14.5	[70, 74, 77, 79, 62]
surface	15.0	[70, 74, 77, 79, 60]
surface	15.5	[70, 74, 77, 79, 62]
surface	16.0	[70, 74, 77, 79, 62]
reduction	16.0	[70, 74, 77, 79, 62]
surface	16.5	[70, 74, 77, 79, 64]
surface	17.0	[70, 74, 77, 79, 65]
reduction	17.0	[70, 74, 77, 79, 65]
surface	17.5	[70, 74, 77, 79, 65]
surface	18.0	[70, 74, 77, 79, 69]
reduction	18.0	[70, 74, 77, 79, 69]
surface	18.5	[70, 74, 77, 79, 69]
surface	19.0	[70, 74, 77, 79, 67]
reduction	19.0	[70, 74, 77, 79, 67]
surface	19.5	[70, 74, 77, 79, 67]
surface	20.0	[70, 74, 77, 79, 62]
reduction	20.0	[70, 74, 77, 79, 62]
surface	20.5	[70, 74, 77, 79, 62]
surface	21.0	[70, 74, 77, 79, 62]
surface	21.5	[70, 74, 77, 79, 62]
grouping	22.0	[72]
surface	22.0	[70, 74, 77, 79, 65]
reduction	22.0	[70, 74, 77, 79, 65]
surface	22.5	[70, 74, 77, 79, 65]
surface	23.0	[70, 74, 77, 79, 65]
surface	23.5	[70, 74, 77, 79, 67]
surface	24.0	[70, 74, 77, 79, 69]
reduction	24.0	[70, 74, 77, 79, 69]
surface	24.5	[70, 74, 77, 79, 67]
surface	25.0	[70, 74, 77, 79, 62]
reduction	25.0	[70, 74, 77, 79, 62]
surface	25.5	[70, 74, 77, 79, 60]
surface	26.0	[70, 74, 77, 79, 62]
reduction	26.0	[70, 74, 77, 79, 62]
surface	26.5	[70, 74, 77, 79, 60]
surface	27.0	[70, 74, 77, 79, 58]
reduction	27.0	[70, 74, 77, 79, 58]
surface	27.5	[70, 74, 77, 79, 58]
surface	28.0	[70, 74, 77, 79, 55]
reduction	28.0	[70, 74, 77, 79, 55]
surface	28.5	[70, 74, 77, 79, 55]
surface	29.0	[70, 74, 77, 79, 53]
surface	29.5	[70, 74, 77, 79, 55]
surface	30.0	[70, 74, 77, 79, 55]
reduction	30.0	[70, 74, 77, 79, 55]
surface	30.5	[70, 74, 77, 79, 57]
surface	31.0	[70, 74, 77, 79, 58]
reduction	31.0	[70, 74, 77, 79, 58]
surface	31.5	[70, 74, 77, 79, 58]
surface	32.0	[69, 72, 75, 79, 62]
reduction	32.0	[69, 72, 75, 79, 62]
surface	32.5	[69, 72, 75, 79, 62]
surface	33.0	[69, 72, 75, 79, 60]
reduction	33.0	[69, 72, 75, 79, 60]
surface	33.5	[69, 72, 75, 79, 60]
surface	34.0	[70, 74, 77, 79, 55]
reduction	34.0	[70, 74, 77, 79, 55]
surface	34.5	[70, 74, 77, 79, 55]
surface	35.0	[70, 74, 77, 79, 55]
surface	35.5	[70, 74, 77, 79, 55]
surface	36.0	[70, 74, 77, 79, 55]
reduction	36.0	[70, 74, 77, 79, 55]
surface	36.5	[70, 74, 77, 79, 55]
grouping	37.0	[72]
surface	37.0	[70, 74, 77, 79, 55]
surface	37.5	[70, 74, 77, 79, 55]
surface	38.0	[70, 74, 77, 79]
reduction	38.0	[70, 74, 77, 79]
surface	38.5	[70, 74, 77, 79]
surface	39.0	[70, 74, 77, 79]
surface	39.5	[70, 74, 77, 79]
surface	40.0	[70, 74, 77, 79]
reduction	40.0	[67, 70, 74, 77]
surface	40.5	[67, 70, 74, 77]
surface	41.0	[67, 70, 74, 77]
reduction	41.0	[70, 74, 77, 79]
surface	41.5	[70, 74, 77, 79]
surface	42.0	[70, 74, 77, 79]
reduction	42.0	[67, 70, 74, 77]
surface	42.5	[67, 70, 74, 77]
surface	43.0	[67, 70, 74, 77]
reduction	43.0	[65, 67, 70, 74]
surface	43.5	[65, 67, 70, 74]
surface	44.0	[65, 67, 70, 74]
reduction	44.0	[62, 65, 67, 70]
surface	44.5	[62, 65, 67, 70]
surface	45.0	[62, 65, 67, 70]
reduction	45.0	[65, 67, 70, 74]
surface	45.5	[65, 67, 70, 74]
surface	46.0	[65, 67, 70, 74]
reduction	46.0	[62, 65, 67, 70]
surface	46.5	[62, 65, 67, 70]
surface	47.0	[62, 65, 67, 70]
reduction	47.0	[58, 62, 65, 67]
surface	47.5	[58, 62, 65, 67]
surface	48.0	[58, 62, 65, 67]
reduction	48.0	[55, 58, 62, 65]
surface	48.5	[55, 58, 62, 65]
surface	49.0	[55, 58, 62, 65]
reduction	49.0	[58, 62, 65, 67]
surface	49.5	[58, 62, 65, 67]
surface	50.0	[58, 62, 65, 67]
reduction	50.0	[55, 58, 62, 65]
surface	50.5	[55, 58, 62, 65]
surface	51.0	[55, 58, 62, 65]
reduction	51.0	[53, 55, 58, 62]
surface	51.5	[53, 55, 58, 62]
grouping	52.0	[72, 76]
surface	52.0	[53, 55, 58, 62]
reduction	52.0	[50, 53, 55, 58]
surface	52.5	[79, 50, 53, 55, 58]
surface	53.0	[79, 50, 53, 55, 58]
reduction	53.0	[52, 55, 58, 60]
surface	53.5	[79, 52, 55, 58, 60]
surface	54.0	[79, 52, 58, 60]
reduction	54.0	[79, 52, 58, 60]
surface	54.5	[79, 52, 58, 60]
surface	55.0	[79, 52, 58, 60]
surface	55.5	[79, 52, 58, 60]
surface	56.0	[79, 52, 58, 60]
reduction	56.0	[79, 52, 58, 60]
surface	56.5	[79, 52, 58, 60]
surface	57.0	[79, 52, 58, 60]
surface	57.5	[79, 52, 58, 60]
surface	58.0	[79, 52, 58, 60]
reduction	58.0	[79, 52, 58, 60]
surface	58.5	[77, 52, 58, 60]
surface	59.0	[76, 52, 58, 60]
surface	59.5	[77, 52, 58, 60]
surface	60.0	[79, 53, 58, 60]
reduction	60.0	[77, 53, 58, 60]
surface	60.5	[81, 53, 58, 60]
surface	61.0	[79, 53, 58, 60]
surface	61.5	[77, 53, 58, 60]
surface	62.0	[77, 53, 58, 60]
reduction	62.0	[81, 53, 58, 60]
surface	62.5	[74, 53, 58, 60]
surface	63.0	[74, 53, 58, 60]
reduction	63.0	[77, 53, 58, 60]
surface	63.5	[72, 53, 58, 60]
surface	64.0	[74, 57, 58, 60]
reduction	64.0	[74, 57, 58, 60]
surface	64.5	[74, 57, 58, 60]
surface	65.0	[76, 57, 58, 60]
surface	65.5	[77, 57, 58, 60]
surface	66.0	[77, 57, 58, 60]
reduction	66.0	[74, 57, 58, 60]
surface	66.5	[81, 57, 58, 60]
surface	67.0	[81, 57, 58, 60]
reduction	67.0	[77, 57, 58, 60]
surface	67.5	[79, 57, 58, 60]
surface	68.0	[79, 57, 58, 60]
reduction	68.0	[81, 57, 58, 60]
surface	68.5	[74, 57, 58, 60]
surface	69.0	[74, 57, 58, 60]
reduction	69.0	[79, 57, 58, 60]
surface	69.5	[74, 57, 58, 60]
surface	70.0	[74, 57, 58, 60]
reduction	70.0	[74, 57, 58, 60]
surface	70.5	[74, 57, 58, 60]
surface	71.0	[74, 55, 58, 60]
reduction	71.0	[74, 55, 58, 60]
surface	71.5	[74, 55, 58, 60]
grouping	72.0	[72]
surface	72.0	[74, 55, 58, 60]
reduction	72.0	[74, 55, 58, 60]
surface	72.5	[77, 55, 58, 60]
surface	73.0	[77, 53, 58, 60]
reduction	73.0	[74, 53, 58, 60]
surface	73.5	[77, 53, 58, 60]
surface	74.0	[79, 53, 58, 60]
reduction	74.0	[77, 53, 58, 60]
surface	74.5	[81, 53, 58, 60]
surface	75.0	[79, 53, 58, 60]
surface	75.5	[74, 53, 58, 60]
surface	76.0	[72, 53, 58, 60]
reduction	76.0	[81, 53, 58, 60]
surface	76.5	[74, 53, 58, 60]
surface	77.0	[72, 53, 58, 60]
reduction	77.0	[74, 53, 58, 60]
surface	77.5	[70, 53, 58, 60]
surface	78.0	[70, 53, 58, 60]
reduction	78.0	[74, 53, 58, 60]
surface	78.5	[67, 53, 58, 60]
surface	79.0	[67, 53, 58, 60]
reduction	79.0	[70, 53, 58, 60]
surface	79.5	[65, 53, 58, 60]
surface	80.0	[67, 50, 58, 60]
reduction	80.0	[67, 50, 58, 60]
surface	80.5	[67, 50, 58, 60]
surface	81.0	[69, 50, 58, 60]
reduction	81.0	[65, 50, 58, 60]
surface	81.5	[70, 50, 58, 60]
surface	82.0	[70, 50, 58, 60]
reduction	82.0	[67, 50, 58, 60]
surface	82.5	[74, 50, 58, 60]
surface	83.0	[74, 50, 58, 60]
reduction	83.0	[70, 50, 58, 60]
surface	83.5	[72, 50, 58, 60]
surface	84.0	[72, 50, 58, 60]
reduction	84.0	[74, 50, 58, 60]
surface	84.5	[67, 50, 58, 60]
surface	85.0	[67, 50, 58, 60]
reduction	85.0	[72, 50, 58, 60]
grouping	85.5	[72]
surface	85.5	[67, 50, 58, 60]
surface	86.0	[67, 50, 58, 60]
reduction	86.0	[67, 50, 57, 58]
surface	86.5	[67, 50, 57, 58]
surface	87.0	[67, 50, 57, 58]
reduction	87.0	[67, 50, 58, 60]
surface	87.5	[67, 50, 58, 60]
surface	88.0	[67, 52, 58, 60]
reduction	88.0	[67, 53, 60, 62]
surface	88.5	[53, 60, 62]
surface	89.0	[57, 64, 65, 53, 60, 62]
reduction	89.0	[67, 55, 62, 64]
surface	89.5	[58, 65, 67, 55, 62, 64]
surface	90.0	[60, 67, 69, 55, 62, 64]
reduction	90.0	[55, 62, 64]
surface	90.5	[62, 69, 70]
reduction	90.5	[57, 64, 65]
surface	91.0	[64, 70, 72]
reduction	91.0	[58, 65, 67]
surface	91.5	[65, 72, 74]
reduction	91.5	[60, 67, 69]
surface	92.0	[67, 74, 76]
reduction	92.0	[62, 69, 70]
surface	92.5	[69, 72, 76, 77]
reduction	92.5	[64, 70, 72]
surface	93.0	[70, 74, 77, 79]
reduction	93.0	[65, 72, 74]
surface	93.5	[70, 74, 77, 79]
reduction	93.5	[67, 74, 76]
surface	94.0	[70, 74, 77, 79]
reduction	94.0	[69, 72, 76, 77]
surface	94.5	[69, 72, 76, 77]
surface	95.0	[70, 74, 77, 79]
reduction	95.0	[70, 74, 77, 79]
surface	95.5	[70, 74, 77, 79]
surface	96.0	[70, 74, 77, 79]
reduction	96.0	[69, 72, 76, 77]
grouping	96.5	[72]
surface	96.5	[69, 72, 76, 77]
surface	97.0	[70, 74, 77, 79]
reduction	97.0	[70, 74, 77, 79]
surface	97.5	[70, 74, 77, 79]
surface	98.0	[70, 74, 77, 79]
reduction	98.0	[69, 72, 76, 77]
surface	98.5	[69, 72, 76, 77, 55]
reduction	98.5	[69, 72, 76, 77, 55]
surface	99.0	[71, 74, 77, 79, 55]
reduction	99.0	[70, 74, 77, 79, 55]
surface	99.5	[71, 74, 77, 79, 55]
surface	100.0	[71, 74, 77, 79, 55]
reduction	100.0	[69, 72, 76, 77, 55]
surface	100.5	[71, 74, 77, 79, 55]
reduction	100.5	[69, 72, 76, 77, 55]
surface	101.0	[71, 74, 77, 79, 55]
reduction	101.0	[71, 74, 77, 79, 55]
surface	101.5	[71, 74, 77, 79, 55]
surface	102.0	[71, 74, 77, 79, 55]
reduction	102.0	[71, 74, 77, 79, 55]
surface	102.5	[71, 74, 77, 79, 55]
reduction	102.5	[71, 74, 77, 79, 55]
surface	103.0	[71, 74, 77, 79, 55]
surface	103.5	[71, 74, 77, 79, 55]
surface	104.0	[71, 74, 77, 79, 55]
reduction	104.0	[71, 74, 77, 79, 55]
surface	104.5	[71, 74, 77, 79, 55]
reduction	104.5	[71, 74, 77, 79, 55]
surface	105.0	[71, 74, 77, 79, 55]
surface	105.5	[71, 74, 77, 79, 55]
surface	106.0	[71, 74, 77, 79, 55]
reduction	106.0	[71, 74, 77, 79, 55]
surface	106.5	[71, 74, 77, 79, 53]
reduction	106.5	[71, 74, 77, 79, 53]
surface	107.0	[71, 74, 77, 79, 52]
surface	107.5	[71, 74, 77, 79, 53]
surface	108.0	[71, 74, 77, 79, 55]
reduction	108.0	[71, 74, 77, 79, 53]
surface	108.5	[71, 74, 77, 79, 57]
reduction	108.5	[71, 74, 77, 79, 57]
surface	109.0	[71, 74, 77, 79, 57]
surface	109.166666667	[71, 74, 77, 79, 55]
reduction	109.166666667	[71, 74, 77, 79, 55]
surface	109.5	[71, 74, 77, 79, 55]
surface	109.833333333	[71, 74, 77, 79, 53]
reduction	109.833333333	[71, 74, 77, 79, 53]
surface	110.0	[71, 74, 77, 79, 53]
reduction	110.0	[71, 74, 77, 79, 53]
surface	110.5	[71, 74, 77, 79, 50]
reduction	110.5	[71, 74, 77, 79, 50]
surface	111.0	[69, 72, 76, 77, 50]
grouping	111.5	[72]
surface	111.5	[69, 72, 76, 77, 50]
surface	112.0	[71, 74, 77, 79, 50]
reduction	112.0	[69, 72, 76, 77, 50]
surface	112.5	[71, 74, 77, 79, 50]
reduction	112.5	[69, 72, 76, 77, 50]
surface	113.0	[72, 76, 79, 81, 50]
reduction	113.0	[71, 74, 77, 79, 50]
surface	113.5	[72, 76, 79, 81, 50]
surface	114.0	[71, 74, 77, 79, 50]
reduction	114.0	[72, 76, 79, 81, 50]
surface	114.5	[71, 74, 77, 79, 50]
reduction	114.5	[72, 76, 79, 81, 50]
surface	115.0	[69, 76, 77, 79, 50]
reduction	115.0	[71, 74, 77, 79, 50]
surface	115.5	[69, 76, 77, 79, 48]
surface	116.0	[71, 76, 77, 79, 50]
reduction	116.0	[69, 76, 77, 79, 50]
surface	116.5	[71, 74, 77, 79, 50]
reduction	116.5	[69, 76, 77, 79, 50]
surface	117.0	[71, 74, 77, 79, 50]
reduction	117.0	[71, 76, 77, 79, 50]
surface	117.166666667	[71, 74, 77, 79, 52]
reduction	117.166666667	[71, 76, 77, 79, 52]
surface	117.5	[71, 74, 77, 79, 52]
surface	117.833333333	[71, 74, 77, 79, 53]
reduction	117.833333333	[71, 76, 77, 79, 53]
surface	118.0	[71, 74, 77, 79, 53]
reduction	118.0	[71, 74, 77, 79, 53]
surface	118.5	[71, 74, 77, 79, 57]
reduction	118.5	[71, 74, 77, 79, 57]
surface	119.0	[71, 74, 77, 79, 57]
surface	119.5	[71, 74, 77, 79, 55]
reduction	119.5	[71, 74, 77, 79, 55]
surface	120.0	[71, 74, 77, 79, 55]
reduction	120.0	[71, 74, 77, 79, 55]
surface	120.5	[71, 74, 77, 79, 50]
reduction	120.5	[71, 74, 77, 79, 50]
surface	121.0	[71, 76, 79, 81, 50]
surface	121.5	[71, 76, 79, 81, 50]
surface	122.0	[71, 74, 77, 79, 50]
reduction	122.0	[71, 76, 79, 81, 50]
grouping	122.5	[72, 76]
surface	122.5	[71, 74, 77, 79, 50]
reduction	122.5	[71, 76, 79, 81, 50]
surface	123.0	[68, 74, 77, 79, 50]
reduction	123.0	[71, 74, 77, 79, 50]
surface	123.5	[68, 74, 77, 79, 50]
surface	124.0	[69, 74, 77, 79, 50]
reduction	124.0	[68, 74, 77, 79, 50]
surface	124.5	[69, 74, 77, 79, 50]
reduction	124.5	[68, 74, 77, 79, 50]
surface	125.0	[73, 74, 77, 79, 50]
reduction	125.0	[69, 74, 77, 79, 50]
surface	125.5	[73, 74, 77, 79, 50]
surface	126.0	[71, 74, 77, 79, 50]
reduction	126.0	[73, 74, 77, 79, 50]
surface	126.5	[70, 74, 77, 79, 53]
reduction	126.5	[73, 74, 77, 79, 53]
surface	127.0	[70, 74, 77, 79, 53]
reduction	127.0	[71, 74, 77, 79, 53]
surface	127.5	[70, 74, 77, 79, 53]
surface	128.0	[70, 74, 77, 79, 53]
reduction	128.0	[70, 74, 77, 79, 53]
surface	128.5	[70, 74, 77, 79, 53]
reduction	128.5	[70, 74, 77, 79, 53]
surface	129.0	[70, 74, 77, 79, 53]
surface	129.5	[70, 74, 77, 79, 53]
surface	130.0	[70, 74, 77, 79, 53]
reduction	130.0	[70, 74, 77, 79, 53]
surface	130.5	[70, 74, 77, 79, 53]
reduction	130.5	[70, 74, 77, 79, 53]
surface	131.0	[70, 74, 77, 79, 53]
surface	131.5	[70, 74, 77, 79, 53]
surface	132.0	[70, 74, 77, 79, 53]
reduction	132.0	[70, 74, 77, 79, 53]
surface	132.5	[70, 74, 77, 79, 53]
reduction	132.5	[70, 74, 77, 79, 53]
surface	133.0	[70, 74, 77, 79, 53]
surface	133.5	[70, 74, 77, 79, 53]
surface	134.0	[70, 74, 77, 79, 55]
reduction	134.0	[70, 74, 77, 79, 53]
grouping	134.5	[72]
surface	134.5	[70, 74, 77, 79, 57]
reduction	134.5	[70, 74, 77, 79, 55]
surface	135.0	[70, 74, 77, 79, 55]
surface	135.5	[70, 74, 77, 79, 50]
surface	136.0	[70, 74, 77, 79, 48]
reduction	136.0	[70, 74, 77, 79, 55]
surface	136.5	[70, 74, 77, 79, 50]
reduction	136.5	[70, 74, 77, 79, 50]
surface	137.0	[70, 74, 77, 79, 50]
surface	137.166666667	[70, 74, 77, 79, 48]
reduction	137.166666667	[70, 74, 77, 79, 48]
surface	137.5	[70, 74, 77, 79, 48]
surface	137.833333333	[70, 74, 77, 79, 46]
reduction	137.833333333	[70, 74, 77, 79, 46]
surface	138.0	[70, 74, 77, 79, 46]
reduction	138.0	[70, 74, 77, 79, 46]
surface	138.5	[70, 74, 77, 79, 43]
reduction	138.5	[70, 74, 77, 79, 43]
surface	139.0	[72, 76, 79, 81, 43]
grouping	139.5	[72]
surface	139.5	[72, 76, 79, 81, 43]
surface	140.0	[74, 77, 81, 82, 43]
reduction	140.0	[72, 76, 79, 81, 43]
surface	140.5	[74, 77, 81, 82, 43]
reduction	140.5	[72, 76, 79, 81, 43]
surface	141.0	[76, 79, 82, 84, 43]
reduction	141.0	[74, 77, 81, 82, 43]
surface	141.5	[76, 79, 81, 84, 43]
surface	142.0	[77, 81, 82, 86, 43]
reduction	142.0	[76, 79, 82, 84, 43]
surface	142.5	[77, 81, 82, 86, 43]
reduction	142.5	[76, 79, 82, 84, 43]
surface	143.0	[76, 79, 81, 84, 43]
reduction	143.0	[77, 81, 82, 86, 43]
surface	143.5	[76, 79, 81, 84, 43]
surface	144.0	[77, 81, 82, 86, 43]
reduction	144.0	[76, 79, 81, 84, 43]
surface	144.5	[77, 81, 82, 86, 43]
reduction	144.5	[76, 79, 81, 84, 43]
surface	145.0	[77, 81, 82, 86, 43]
reduction	145.0	[77, 81, 82, 86, 43]
surface	145.5	[77, 81, 82, 86, 41]
reduction	145.5	[77, 81, 82, 86, 41]
surface	146.0	[77, 81, 82, 86, 43]
reduction	146.0	[77, 81, 82, 86, 41]
surface	146.5	[77, 81, 82, 86, 43]
reduction	146.5	[77, 81, 82, 86, 43]
surface	147.0	[77, 81, 82, 86, 43]
surface	147.166666667	[77, 81, 82, 86, 45]
reduction	147.166666667	[77, 81, 82, 86, 45]
surface	147.5	[77, 81, 82, 86, 45]
surface	147.833333333	[77, 81, 82, 86, 46]
reduction	147.833333333	[77, 81, 82, 86, 46]
surface	148.0	[77, 81, 82, 86, 46]
reduction	148.0	[77, 81, 82, 86, 46]
surface	148.5	[77, 81, 82, 86, 50]
reduction	148.5	[77, 81, 82, 86, 50]
surface	149.0	[79, 82, 86, 88, 50]
surface	149.5	[79, 82, 86, 88, 48]
reduction	149.5	[77, 81, 82, 86, 48]
surface	150.0	[81, 84, 88, 89, 48]
reduction	150.0	[79, 82, 86, 88, 48]
surface	150.5	[69, 72, 76, 77, 43]
reduction	150.5	[79, 82, 86, 88, 43]
surface	151.0	[70, 74, 77, 79, 43]
reduction	151.0	[81, 84, 88, 89, 43]
surface	151.5	[70, 74, 77, 79, 43]
surface	152.0	[70, 74, 77, 79, 43]
reduction	152.0	[69, 72, 76, 77, 43]
surface	152.5	[69, 72, 76, 77, 43]
reduction	152.5	[69, 72, 76, 77, 43]
surface	153.0	[70, 74, 77, 79, 43]
reduction	153.0	[70, 74, 77, 79, 43]
surface	153.5	[70, 74, 77, 79, 43]
surface	154.0	[70, 74, 77, 79, 43]
reduction	154.0	[69, 72, 76, 77, 43]
surface	154.5	[69, 72, 76, 77, 43]
reduction	154.5	[69, 72, 76, 77, 43]
surface	155.0	[70, 74, 77, 79, 43]
reduction	155.0	[70, 74, 77, 79, 43]
surface	155.5	[70, 74, 77, 79, 43]
surface	156.0	[72, 76, 79, 81, 43]
reduction	156.0	[70, 74, 77, 79, 43]
surface	156.5	[72, 76, 79, 81, 43]
reduction	156.5	[70, 74, 77, 79, 43]
surface	157.0	[69, 72, 76, 77, 43]
reduction	157.0	[72, 76, 79, 81, 43]
surface	157.5	[65, 69, 72, 74, 43]
surface	158.0	[64, 67, 70, 72, 43]
reduction	158.0	[72, 76, 79, 81, 43]
surface	158.5	[74, 77, 81, 82, 43]
reduction	158.5	[69, 72, 76, 77, 43]
surface	159.0	[76, 79, 82, 84, 43]
reduction	159.0	[65, 69, 72, 74, 43]
surface	159.5	[76, 79, 82, 84, 43]
reduction	159.5	[64, 67, 70, 72, 43]
surface	160.0	[77, 81, 84, 86, 43]
reduction	160.0	[74, 77, 81, 82, 43]
surface	160.5	[77, 81, 84, 86, 43]
reduction	160.5	[76, 79, 82, 84, 43]
surface	161.0	[74, 77, 81, 82, 43]
surface	161.5	[70, 74, 77, 79, 43]
reduction	161.5	[77, 81, 84, 86, 43]
surface	162.0	[69, 72, 76, 77, 43]
reduction	162.0	[77, 81, 84, 86, 43]
surface	162.5	[67, 70, 74, 76, 43]
reduction	162.5	[74, 77, 81, 82, 43]
surface	163.0	[69, 72, 76, 77, 43]
reduction	163.0	[70, 74, 77, 79, 43]
surface	163.5	[69, 72, 76, 77, 43]
reduction	163.5	[69, 72, 76, 77, 43]
surface	164.0	[70, 74, 77, 79, 43]
reduction	164.0	[67, 70, 74, 76, 43]
surface	164.5	[70, 74, 77, 79, 43]
reduction	164.5	[69, 72, 76, 77, 43]
surface	165.0	[67, 70, 74, 76, 43]
surface	165.5	[64, 67, 70, 72, 43]
reduction	165.5	[70, 74, 77, 79, 43]
surface	166.0	[60, 64, 67, 69, 43]
reduction	166.0	[70, 74, 77, 79, 43]
surface	166.5	[57, 60, 64, 65, 43]
reduction	166.5	[67, 70, 74, 76, 43]
surface	167.0	[58, 62, 65, 67, 43]
reduction	167.0	[64, 67, 70, 72, 43]
surface	167.5	[58, 62, 65, 67, 43]
reduction	167.5	[60, 64, 67, 69, 43]
surface	168.0	[58, 62, 65, 67, 43]
reduction	168.0	[57, 60, 64, 65, 43]
surface	168.5	[58, 62, 65, 67, 43]
reduction	168.5	[57, 60, 64, 65, 43]
surface	169.0	[58, 62, 65, 67, 43]
reduction	169.0	[58, 62, 65, 67, 43]
surface	169.5	[58, 62, 65, 67, 43]
surface	170.0	[58, 62, 65, 67, 43]
reduction	170.0	[58, 62, 65, 67, 43]
surface	170.5	[43]
reduction	170.5	[58, 62, 65, 67, 43]
surface	172.5	[57, 60, 64, 65, 43]
reduction	172.5	[43]
surface	173.0	[58, 62, 65, 67, 43]
surface	173.5	[58, 62, 65, 67, 43]
surface	174.0	[58, 62, 65, 67, 43]
reduction	174.0	[57, 60, 64, 65, 43]
surface	174.5	[58, 62, 65, 67, 43]
reduction	174.5	[57, 60, 64, 65, 43]
surface	175.0	[58, 62, 65, 67, 43]
reduction	175.0	[58, 62, 65, 67, 43]
surface	175.5	[58, 62, 65, 67, 43]
surface	176.0	[58, 62, 65, 67, 43]
reduction	176.0	[58, 62, 65, 67, 43]
surface	176.5	[43]
reduction	176.5	[58, 62, 65, 67, 43]
