tonality	2.0	[69, 71, 72, 74, 76, 77, 79]
grouping	2.0	[64, 67]
surface	2.0	[64, 45, 48, 52]
reduction	2.0	[72, 45, 48, 52]
surface	2.0	[72, 45, 48, 52]
surface	5.0	[71, 45, 48, 52]
surface	5.5	[69, 45, 48, 52]
surface	6.0	[69, 47, 50, 53, 56]
reduction	6.0	[69, 47, 50, 53, 56]
surface	8.0	[69, 40, 44, 47, 50, 53]
reduction	8.0	[68, 40, 44, 47, 50, 53]
surface	9.0	[68, 40, 44, 47, 50, 53]
surface	9.5	[71, 40, 44, 47, 50, 53]
surface	10.0	[64, 45, 48, 52]
reduction	10.0	[64, 45, 48, 52]
surface	14.0	[64, 47, 50, 53, 56]
reduction	14.0	[64, 47, 50, 53, 56]
surface	16.0	[64, 40, 44, 47, 50, 53]
reduction	16.0	[64, 40, 44, 47, 50, 53]
surface	17.0	[64, 40, 44, 47, 50, 53]
grouping	18.0	[64]
surface	18.0	[72, 45, 48, 52]
reduction	18.0	[72, 45, 48, 52]
surface	21.0	[71, 45, 48, 52]
surface	21.5	[69, 45, 48, 52]
surface	22.0	[69, 50, 53, 57, 60]
reduction	22.0	[69, 50, 53, 57, 60]
surface	24.0	[69, 43, 47, 50, 53]
reduction	24.0	[67, 43, 47, 50, 53]
surface	25.0	[67, 43, 47, 50, 53]
surface	25.5	[71, 43, 47, 50, 53]
surface	26.0	[64, 48, 52, 55, 59]
reduction	26.0	[64, 48, 52, 55, 59]
surface	30.0	[64, 49, 52, 55, 58]
reduction	30.0	[64, 49, 52, 55, 58]
surface	32.0	[45, 49, 52, 55, 58]
reduction	32.0	[64, 45, 49, 52, 55, 58]
surface	32.5	[64, 45, 49, 52, 55, 58]
surface	33.0	[65, 45, 49, 52, 55, 58]
surface	33.5	[67, 45, 49, 52, 55, 58]
grouping	34.0	[64]
surface	34.0	[69, 50, 53, 57, 60]
reduction	34.0	[69, 50, 53, 57, 60]
surface	35.5	[62, 50, 53, 57, 60]
surface	36.0	[62, 50, 53, 57, 60]
reduction	36.0	[62, 50, 53, 57, 60]
surface	38.0	[62, 43, 47, 50, 53]
reduction	38.0	[62, 43, 47, 50, 53]
surface	40.5	[62, 43, 47, 50, 53]
surface	41.0	[64, 43, 47, 50, 53]
surface	41.5	[65, 43, 47, 50, 53]
surface	42.0	[67, 48, 52, 55, 57]
reduction	42.0	[67, 48, 52, 55, 57]
surface	43.5	[60, 48, 52, 55, 57]
surface	44.0	[60, 48, 52, 55, 57]
reduction	44.0	[60, 48, 52, 55, 57]
surface	46.0	[60, 41, 45, 48, 52]
reduction	46.0	[60, 41, 45, 48, 52]
surface	48.5	[60, 41, 45, 48, 52]
surface	49.0	[62, 41, 45, 48, 52]
surface	49.5	[64, 41, 45, 48, 52]
grouping	50.0	[64]
surface	50.0	[65, 47, 50, 53, 56]
reduction	50.0	[65, 47, 50, 53, 56]
surface	51.5	[59, 47, 50, 53, 56]
surface	52.0	[59, 47, 50, 53, 56]
reduction	52.0	[59, 47, 50, 53, 56]
surface	54.0	[59, 40, 44, 47, 50, 53]
reduction	54.0	[59, 40, 44, 47, 50, 53]
surface	56.5	[59, 40, 44, 47, 50, 53]
surface	57.0	[60, 40, 44, 47, 50, 53]
surface	57.5	[62, 40, 44, 47, 50, 53]
surface	58.0	[64, 45, 48, 52]
reduction	58.0	[64, 45, 48, 52]
surface	62.0	[64, 47, 50, 53, 56]
reduction	62.0	[64, 47, 50, 53, 56]
surface	64.0	[64, 40, 44, 47, 50, 53]
reduction	64.0	[64, 40, 44, 47, 50, 53]
surface	65.0	[64, 40, 44, 47, 50, 53]
grouping	66.0	[64, 67]
surface	66.0	[72, 45, 48, 52]
reduction	66.0	[72, 45, 48, 52]
surface	69.0	[71, 45, 48, 52]
surface	69.5	[69, 45, 48, 52]
surface	70.0	[69, 47, 50, 53, 56]
reduction	70.0	[69, 47, 50, 53, 56]
surface	72.0	[69, 40, 44, 47, 50, 53]
reduction	72.0	[68, 40, 44, 47, 50, 53]
surface	73.0	[68, 40, 44, 47, 50, 53]
surface	73.5	[71, 40, 44, 47, 50, 53]
surface	74.0	[64, 45, 48, 52]
reduction	74.0	[64, 45, 48, 52]
surface	78.0	[64, 47, 50, 53, 56]
reduction	78.0	[64, 47, 50, 53, 56]
surface	80.0	[64, 40, 44, 47, 50, 53]
reduction	80.0	[64, 40, 44, 47, 50, 53]
surface	81.0	[64, 40, 44, 47, 50, 53]
tonality	82.0	[62, 64, 65, 67, 69, 70, 72]
grouping	82.0	[64]
surface	82.0	[70, 40, 43, 46, 50]
reduction	82.0	[70, 40, 43, 46, 50]
surface	85.0	[69, 40, 43, 46, 50]
surface	85.5	[67, 40, 43, 46, 50]
surface	86.0	[67, 45, 49, 52, 55, 58]
reduction	86.0	[67, 45, 49, 52, 55, 58]
surface	89.0	[65, 45, 49, 52, 55, 58]
surface	89.5	[64, 45, 49, 52, 55, 58]
surface	90.0	[69, 50, 53, 57]
reduction	90.0	[69, 50, 53, 57]
surface	94.0	[69, 50, 53, 57]
reduction	94.0	[69, 50, 53, 57]
surface	97.0	[62, 50, 53, 57]
tonality	98.0	[69, 71, 72, 74, 76, 77, 79]
grouping	98.0	[64]
surface	98.0	[62, 50, 53, 57]
reduction	98.0	[62, 50, 53, 57]
surface	101.0	[64, 50, 53, 57]
surface	101.5	[65, 50, 53, 57]
surface	102.0	[71, 47, 50, 53, 56]
reduction	102.0	[71, 47, 50, 53, 56]
surface	104.0	[71, 40, 44, 47, 50, 53]
reduction	104.0	[71, 40, 44, 47, 50, 53]
surface	106.0	[45, 48, 52]
reduction	106.0	[60, 45, 48, 52]
surface	107.0	[60, 45, 48, 52]
surface	108.0	[60, 45, 48, 52]
surface	109.0	[62, 45, 48, 52]
surface	109.5	[64, 45, 48, 52]
surface	110.0	[69, 41, 45, 48, 52]
reduction	110.0	[69, 41, 45, 48, 52]
surface	113.0	[68, 41, 45, 48, 52]
grouping	114.0	[64]
surface	114.0	[64, 47, 50, 53, 56]
reduction	114.0	[64, 47, 50, 53, 56]
surface	118.0	[40, 44, 47, 50, 53]
reduction	118.0	[64, 40, 44, 47, 50, 53]
surface	120.0	[64, 40, 44, 47, 50, 53]
surface	121.0	[68, 40, 44, 47, 50, 53]
surface	121.5	[71, 40, 44, 47, 50, 53]
surface	122.0	[69, 45, 48, 52]
reduction	122.0	[69, 45, 48, 52]
surface	126.0	[69, 47, 50, 53, 56]
reduction	126.0	[69, 47, 50, 53, 56]
surface	128.0	[69, 40, 44, 47, 50, 53]
reduction	128.0	[69, 40, 44, 47, 50, 53]
surface	129.0	[64, 40, 44, 47, 50, 53]
surface	130.0	[69, 45, 48, 52]
reduction	130.0	[69, 45, 48, 52]
surface	133.0	[69, 45, 48, 52]
surface	133.5	[71, 45, 48, 52]
grouping	134.0	[64]
surface	134.0	[72, 50, 53, 57, 60]
reduction	134.0	[72, 50, 53, 57, 60]
surface	135.0	[74, 50, 53, 57, 60]
surface	135.5	[72, 50, 53, 57, 60]
surface	136.0	[71, 45, 48, 52, 55]
reduction	136.0	[71, 45, 48, 52, 55]
surface	137.0	[69, 45, 48, 52, 55]
surface	137.5	[71, 45, 48, 52, 55]
surface	138.0	[72, 50, 53, 57, 60]
reduction	138.0	[72, 50, 53, 57, 60]
surface	139.0	[74, 50, 53, 57, 60]
surface	139.5	[72, 50, 53, 57, 60]
surface	140.0	[71, 45, 48, 52, 55]
reduction	140.0	[71, 45, 48, 52, 55]
surface	141.0	[69, 45, 48, 52, 55]
surface	141.5	[71, 45, 48, 52, 55]
surface	142.0	[72, 50, 53, 57, 60]
reduction	142.0	[72, 50, 53, 57, 60]
surface	143.0	[74, 50, 53, 57, 60]
surface	143.5	[72, 50, 53, 57, 60]
surface	144.0	[71, 52, 55, 59, 62]
reduction	144.0	[71, 52, 55, 59, 62]
surface	145.0	[69, 52, 55, 59, 62]
surface	145.5	[67, 52, 55, 59, 62]
surface	146.0	[69, 45, 48, 52]
reduction	146.0	[69, 45, 48, 52]
surface	150.0	[69, 45, 48, 52]
reduction	150.0	[69, 45, 48, 52]
