tonality	0.0	[63, 65, 67, 68, 70, 72, 74]
grouping	0.0	[58, 61]
surface	0.0	[58, 39, 43, 46, 50]
reduction	0.0	[58, 39, 43, 46, 50]
surface	1.0	[63, 39, 43, 46, 50]
reduction	1.0	[63, 39, 43, 46, 50]
surface	2.0	[68, 48, 52, 56, 58]
reduction	2.0	[68, 48, 52, 56, 58]
surface	3.0	[67, 48, 52, 56, 58]
reduction	3.0	[67, 48, 52, 56, 58]
surface	4.0	[63, 41, 44, 48, 51]
reduction	4.0	[63, 41, 44, 48, 51]
surface	6.0	[63, 46, 50, 53, 56]
reduction	6.0	[63, 46, 50, 53, 56]
surface	8.0	[58, 39, 43, 46, 50]
reduction	8.0	[58, 39, 43, 46, 50]
surface	9.0	[63, 44, 48, 51, 54]
reduction	9.0	[63, 44, 48, 51, 54]
surface	10.0	[68, 37, 41, 44, 47]
reduction	10.0	[68, 37, 41, 44, 47]
surface	11.0	[67, 36, 40, 43, 46]
reduction	11.0	[67, 36, 40, 43, 46]
surface	12.0	[63, 41, 45, 49, 51]
reduction	12.0	[63, 41, 45, 49, 51]
surface	13.0	[67, 41, 45, 49, 51]
surface	14.0	[65, 46, 50, 53, 56]
reduction	14.0	[65, 46, 50, 53, 56]
grouping	16.0	[58]
surface	16.0	[58, 39, 43, 46, 50]
reduction	16.0	[58, 39, 43, 46, 50]
surface	17.0	[63, 39, 43, 46, 50]
reduction	17.0	[63, 39, 43, 46, 50]
surface	18.0	[72, 44, 48, 51, 54]
reduction	18.0	[72, 44, 48, 51, 54]
surface	19.0	[70, 44, 48, 51, 54]
surface	20.0	[68, 49, 53, 56, 59]
reduction	20.0	[68, 49, 53, 56, 59]
surface	22.0	[67, 48, 52, 55, 58]
reduction	22.0	[67, 48, 52, 55, 58]
surface	24.0	[65, 41, 45, 48, 51]
reduction	24.0	[65, 41, 45, 48, 51]
surface	26.0	[65, 47, 51, 54, 57, 61]
reduction	26.0	[65, 47, 51, 54, 57, 61]
surface	28.0	[65, 46, 50, 53, 56]
reduction	28.0	[65, 46, 50, 53, 56]
surface	31.0	[67, 46, 50, 53, 56]
surface	31.5	[68, 46, 50, 53, 56]
grouping	32.0	[58, 61]
surface	32.0	[70, 39, 43, 46, 50]
reduction	32.0	[70, 39, 43, 46, 50]
surface	33.5	[63, 39, 43, 46, 50]
surface	34.0	[63, 45, 49, 52, 55]
reduction	34.0	[63, 45, 49, 52, 55]
surface	35.0	[63, 45, 49, 52, 55]
surface	36.0	[67, 44, 48, 51, 55]
reduction	36.0	[67, 44, 48, 51, 55]
surface	37.0	[65, 44, 48, 51, 55]
surface	38.0	[65, 38, 41, 44, 47]
reduction	38.0	[65, 38, 41, 44, 47]
surface	39.0	[67, 38, 41, 44, 47]
surface	39.5	[68, 38, 41, 44, 47]
surface	40.0	[70, 43, 46, 50, 53]
reduction	40.0	[70, 43, 46, 50, 53]
surface	40.6666666667	[67, 43, 46, 50, 53]
surface	41.3333333333	[68, 43, 46, 50, 53]
surface	42.0	[70, 44, 48, 51, 55]
reduction	42.0	[70, 44, 48, 51, 55]
surface	42.6666666667	[67, 44, 48, 51, 55]
surface	43.3333333333	[68, 44, 48, 51, 55]
surface	44.0	[70, 43, 46, 49, 53]
reduction	44.0	[70, 43, 46, 49, 53]
surface	46.0	[70, 48, 52, 55, 58]
reduction	46.0	[70, 48, 52, 55, 58]
surface	47.0	[68, 48, 52, 55, 58]
surface	47.5	[70, 48, 52, 55, 58]
grouping	48.0	[58]
surface	48.0	[72, 41, 44, 48, 51]
reduction	48.0	[72, 41, 44, 48, 51]
surface	49.5	[65, 41, 44, 48, 51]
surface	50.0	[65, 50, 54, 57, 60]
reduction	50.0	[65, 50, 54, 57, 60]
surface	51.0	[65, 50, 54, 57, 60]
surface	52.0	[68, 50, 53, 56, 59]
reduction	52.0	[68, 50, 53, 56, 59]
surface	53.0	[67, 50, 53, 56, 59]
surface	54.0	[67, 48, 52, 55, 58]
reduction	54.0	[67, 48, 52, 55, 58]
surface	55.0	[68, 48, 52, 55, 58]
surface	55.5	[70, 48, 52, 55, 58]
surface	56.0	[72, 41, 44, 48, 51]
reduction	56.0	[72, 41, 44, 48, 51]
surface	56.6666666667	[68, 41, 44, 48, 51]
surface	57.3333333333	[70, 41, 44, 48, 51]
surface	58.0	[72, 48, 52, 56, 58]
reduction	58.0	[72, 48, 52, 56, 58]
surface	58.6666666667	[68, 48, 52, 56, 58]
surface	59.3333333333	[72, 48, 52, 56, 58]
surface	60.0	[70, 41, 44, 48, 51]
reduction	60.0	[70, 41, 44, 48, 51]
surface	62.0	[70, 46, 50, 53, 56]
reduction	62.0	[70, 46, 50, 53, 56]
grouping	64.0	[58, 61]
surface	64.0	[70, 39, 43, 46, 50]
reduction	64.0	[70, 39, 43, 46, 50]
surface	65.5	[63, 39, 43, 46, 50]
surface	66.0	[63, 45, 49, 52, 55]
reduction	66.0	[63, 45, 49, 52, 55]
surface	67.0	[63, 45, 49, 52, 55]
surface	68.0	[74, 44, 48, 51, 55]
reduction	68.0	[72, 44, 48, 51, 55]
surface	69.0	[72, 44, 48, 51, 55]
surface	70.0	[72, 50, 54, 57, 60, 64]
reduction	70.0	[72, 50, 54, 57, 60, 64]
surface	71.0	[60, 50, 54, 57, 60, 64]
surface	72.0	[72, 43, 46, 50, 53]
reduction	72.0	[70, 43, 46, 50, 53]
surface	73.0	[70, 43, 46, 50, 53]
surface	74.0	[70, 48, 52, 55, 58]
reduction	74.0	[75, 48, 52, 55, 58]
surface	75.0	[75, 48, 52, 55, 58]
surface	76.0	[68, 41, 44, 48, 51]
reduction	76.0	[68, 41, 44, 48, 51]
surface	78.0	[68, 49, 53, 56, 59]
reduction	78.0	[68, 49, 53, 56, 59]
surface	79.0	[65, 49, 53, 56, 59]
grouping	80.0	[58]
surface	80.0	[58, 39, 43, 46, 50]
reduction	80.0	[58, 39, 43, 46, 50]
surface	81.0	[63, 44, 48, 51, 54]
reduction	81.0	[63, 44, 48, 51, 54]
surface	82.0	[68, 37, 41, 44, 47]
reduction	82.0	[68, 37, 41, 44, 47]
surface	83.0	[67, 36, 40, 43, 46]
reduction	83.0	[67, 36, 40, 43, 46]
surface	84.0	[63, 35, 39, 42, 45]
reduction	84.0	[63, 35, 39, 42, 45]
surface	86.0	[65, 34, 38, 41, 44]
reduction	86.0	[65, 34, 38, 41, 44]
surface	88.0	[63, 39, 43, 46, 48]
reduction	88.0	[63, 39, 43, 46, 48]
surface	92.0	[41, 44, 48, 51]
reduction	92.0	[41, 44, 48, 51]
surface	94.0	[46, 50, 53, 56]
reduction	94.0	[46, 50, 53, 56]
