tonality	0.0	[60, 62, 63, 65, 67, 68, 70]
grouping	0.0	[54, 58, 61]
surface	0.0	[72, 48, 51, 55]
reduction	0.0	[72, 48, 51, 55]
surface	0.5	[72, 48, 51, 55]
surface	0.75	[72, 48, 51, 55]
surface	1.0	[74, 48, 51, 55]
surface	1.5	[72, 48, 51, 55]
surface	1.75	[74, 48, 51, 55]
surface	2.0	[72, 43, 47, 50, 53]
reduction	2.0	[71, 43, 47, 50, 53]
surface	2.5	[71, 43, 47, 50, 53]
surface	2.75	[74, 43, 47, 50, 53]
surface	3.0	[72, 43, 47, 50, 53]
surface	3.5	[71, 43, 47, 50, 53]
surface	4.0	[41, 44, 48]
reduction	4.0	[72, 41, 44, 48]
surface	4.25	[72, 41, 44, 48]
surface	4.5	[72, 41, 44, 48]
surface	4.75	[71, 41, 44, 48]
surface	5.0	[70, 41, 44, 48]
reduction	5.0	[68, 41, 44, 48]
surface	5.5	[68, 41, 44, 48]
surface	5.75	[70, 41, 44, 48]
surface	6.0	[68, 39, 43, 46]
reduction	6.0	[67, 39, 43, 46]
surface	6.5	[67, 39, 43, 46]
surface	6.75	[70, 39, 43, 46]
surface	7.0	[68, 39, 43, 46]
surface	7.5	[67, 39, 43, 46]
grouping	8.0	[54]
surface	8.0	[41, 44, 48]
reduction	8.0	[65, 41, 44, 48]
surface	8.25	[65, 41, 44, 48]
surface	8.5	[67, 41, 44, 48]
surface	8.75	[65, 41, 44, 48]
surface	9.0	[67, 41, 44, 48]
surface	9.25	[65, 41, 44, 48]
surface	9.5	[67, 41, 44, 48]
surface	9.75	[65, 41, 44, 48]
surface	10.0	[48, 51, 55]
reduction	10.0	[63, 48, 51, 55]
surface	10.25	[63, 48, 51, 55]
surface	10.5	[65, 48, 51, 55]
surface	10.75	[63, 48, 51, 55]
surface	11.0	[65, 48, 51, 55]
surface	11.25	[63, 48, 51, 55]
surface	11.5	[65, 48, 51, 55]
surface	11.75	[63, 48, 51, 55]
surface	12.0	[50, 54, 57, 60]
reduction	12.0	[62, 50, 54, 57, 60]
surface	12.25	[62, 50, 54, 57, 60]
surface	12.5	[63, 50, 54, 57, 60]
surface	12.75	[62, 50, 54, 57, 60]
surface	13.0	[63, 50, 54, 57, 60]
surface	13.25	[62, 50, 54, 57, 60]
surface	13.5	[63, 50, 54, 57, 60]
surface	13.75	[62, 50, 54, 57, 60]
surface	14.0	[63, 43, 47, 50, 53]
reduction	14.0	[62, 43, 47, 50, 53]
surface	14.25	[62, 43, 47, 50, 53]
surface	14.5	[65, 43, 47, 50, 53]
surface	14.75	[64, 43, 47, 50, 53]
surface	15.0	[63, 43, 47, 50, 53]
surface	15.5	[62, 43, 47, 50, 53]
grouping	16.0	[54, 58]
surface	16.0	[48, 51, 55]
reduction	16.0	[72, 48, 51, 55]
surface	16.25	[72, 48, 51, 55]
surface	16.5	[72, 48, 51, 55]
surface	16.75	[72, 48, 51, 55]
surface	17.0	[74, 48, 51, 55]
surface	17.5	[72, 48, 51, 55]
surface	17.75	[74, 48, 51, 55]
surface	18.0	[72, 43, 47, 50, 53]
reduction	18.0	[71, 43, 47, 50, 53]
surface	18.5	[71, 43, 47, 50, 53]
surface	18.75	[74, 43, 47, 50, 53]
surface	19.0	[72, 43, 47, 50, 53]
surface	19.5	[71, 43, 47, 50, 53]
surface	20.0	[41, 44, 48]
reduction	20.0	[72, 41, 44, 48]
surface	20.25	[72, 41, 44, 48]
surface	20.5	[72, 41, 44, 48]
surface	20.75	[71, 41, 44, 48]
surface	21.0	[70, 41, 44, 48]
reduction	21.0	[68, 41, 44, 48]
surface	21.5	[68, 41, 44, 48]
surface	21.75	[70, 41, 44, 48]
surface	22.0	[68, 48, 51, 55]
reduction	22.0	[67, 48, 51, 55]
surface	22.5	[67, 48, 51, 55]
surface	22.75	[70, 48, 51, 55]
surface	23.0	[68, 48, 51, 55]
surface	23.5	[67, 48, 51, 55]
grouping	24.0	[54]
surface	24.0	[49, 53, 56]
reduction	24.0	[65, 49, 53, 56]
surface	24.25	[65, 49, 53, 56]
surface	24.5	[67, 49, 53, 56]
surface	24.75	[65, 49, 53, 56]
surface	25.0	[67, 49, 53, 56]
surface	25.25	[65, 49, 53, 56]
surface	25.5	[67, 49, 53, 56]
surface	25.75	[65, 49, 53, 56]
surface	26.0	[48, 51, 55]
reduction	26.0	[63, 48, 51, 55]
surface	26.25	[63, 48, 51, 55]
surface	26.5	[65, 48, 51, 55]
surface	26.75	[63, 48, 51, 55]
surface	27.0	[65, 48, 51, 55]
surface	27.25	[63, 48, 51, 55]
surface	27.5	[65, 48, 51, 55]
surface	27.75	[63, 48, 51, 55]
surface	28.0	[44, 48, 51]
reduction	28.0	[63, 44, 48, 51]
surface	28.25	[62, 44, 48, 51]
surface	28.5	[63, 44, 48, 51]
surface	28.75	[62, 44, 48, 51]
surface	29.0	[63, 43, 47, 50, 53]
reduction	29.0	[62, 43, 47, 50, 53]
surface	29.25	[62, 43, 47, 50, 53]
surface	29.5	[60, 43, 47, 50, 53]
surface	29.75	[59, 43, 47, 50, 53]
surface	30.0	[60, 48, 51, 55]
reduction	30.0	[60, 48, 51, 55]
tonality	32.0	[60, 62, 64, 65, 67, 69, 71]
grouping	32.0	[55, 58, 62]
surface	32.0	[48, 52, 55]
reduction	32.0	[72, 48, 52, 55]
surface	32.25	[72, 48, 52, 55]
surface	32.5	[72, 48, 52, 55]
surface	32.75	[71, 48, 52, 55]
surface	33.0	[71, 48, 52, 55]
surface	33.25	[69, 48, 52, 55]
surface	33.5	[69, 48, 52, 55]
surface	33.75	[71, 48, 52, 55]
surface	34.0	[71, 48, 52, 55]
reduction	34.0	[71, 48, 52, 55]
surface	34.75	[72, 48, 52, 55]
surface	35.0	[72, 48, 52, 55]
surface	35.75	[71, 48, 52, 55]
surface	36.0	[71, 51, 54, 57, 60]
reduction	36.0	[69, 51, 54, 57, 60]
surface	36.75	[69, 51, 54, 57, 60]
surface	37.0	[68, 51, 54, 57, 60]
surface	37.75	[69, 51, 54, 57, 60]
surface	38.0	[72, 50, 53, 57, 60]
reduction	38.0	[72, 50, 53, 57, 60]
surface	38.5	[71, 50, 53, 57, 60]
grouping	40.0	[55]
surface	40.0	[43, 47, 50, 53]
reduction	40.0	[62, 43, 47, 50, 53]
surface	40.25	[62, 43, 47, 50, 53]
surface	40.5	[62, 43, 47, 50, 53]
surface	40.75	[64, 43, 47, 50, 53]
surface	41.0	[64, 43, 47, 50, 53]
surface	41.25	[65, 43, 47, 50, 53]
surface	41.5	[65, 43, 47, 50, 53]
surface	41.75	[67, 43, 47, 50, 53]
surface	42.0	[68, 43, 47, 50, 53]
reduction	42.0	[68, 43, 47, 50, 53]
surface	42.75	[67, 43, 47, 50, 53]
surface	43.0	[67, 43, 47, 50, 53]
surface	43.75	[66, 43, 47, 50, 53]
surface	44.0	[66, 43, 47, 50, 53]
reduction	44.0	[67, 43, 47, 50, 53]
surface	44.75	[67, 43, 47, 50, 53]
surface	45.0	[67, 43, 47, 50, 53]
surface	45.75	[65, 43, 47, 50, 53]
surface	46.0	[65, 48, 52, 55]
reduction	46.0	[64, 48, 52, 55]
surface	46.5	[64, 48, 52, 55]
grouping	48.0	[55, 58]
surface	48.0	[48, 52, 55]
reduction	48.0	[72, 48, 52, 55]
surface	48.25	[72, 48, 52, 55]
surface	48.75	[71, 48, 52, 55]
surface	49.0	[71, 48, 52, 55]
surface	49.25	[69, 48, 52, 55]
surface	49.5	[69, 48, 52, 55]
surface	49.75	[71, 48, 52, 55]
surface	50.0	[71, 48, 52, 55]
reduction	50.0	[71, 48, 52, 55]
surface	50.75	[72, 48, 52, 55]
surface	51.0	[72, 48, 52, 55]
surface	51.75	[70, 48, 52, 55]
surface	52.0	[70, 45, 49, 52, 55]
reduction	52.0	[70, 45, 49, 52, 55]
surface	52.75	[69, 45, 49, 52, 55]
surface	53.0	[69, 45, 49, 52, 55]
surface	53.75	[72, 45, 49, 52, 55]
surface	54.0	[70, 50, 53, 57]
reduction	54.0	[69, 50, 53, 57]
surface	55.0	[69, 50, 53, 57]
grouping	56.0	[55]
surface	56.0	[50, 53, 57]
reduction	56.0	[71, 43, 47, 50]
surface	56.25	[62, 50, 53, 57]
surface	56.75	[64, 50, 53, 57]
surface	57.0	[65, 50, 53, 57]
surface	57.25	[67, 50, 53, 57]
surface	57.5	[69, 43, 47, 50]
surface	57.75	[71, 43, 47, 50]
surface	58.0	[74, 48, 52, 55]
reduction	58.0	[72, 48, 52, 55]
surface	58.5	[72, 48, 52, 55]
surface	59.0	[72, 48, 52, 56]
reduction	59.0	[72, 48, 52, 56]
surface	59.25	[72, 48, 52, 56]
surface	59.5	[74, 48, 52, 56]
surface	59.75	[72, 48, 52, 56]
surface	60.0	[74, 41, 45, 48]
reduction	60.0	[72, 41, 45, 48]
surface	60.5	[72, 41, 45, 48]
surface	61.0	[72, 43, 47, 50, 53]
reduction	61.0	[71, 43, 47, 50, 53]
surface	61.25	[71, 43, 47, 50, 53]
surface	61.5	[71, 43, 47, 50, 53]
surface	61.75	[69, 43, 47, 50, 53]
surface	62.0	[69, 48, 52, 55]
reduction	62.0	[69, 48, 52, 55]
surface	62.75	[67, 48, 52, 55]
surface	63.0	[72, 48, 52, 55]
reduction	63.0	[72, 48, 52, 55]
surface	64.0	[50, 53, 57]
reduction	64.0	[62, 50, 53, 57]
surface	64.25	[62, 50, 53, 57]
surface	64.5	[64, 50, 53, 57]
surface	64.75	[65, 50, 53, 57]
surface	65.0	[64, 43, 47, 50, 53]
reduction	65.0	[62, 43, 47, 50, 53]
surface	65.5	[62, 43, 47, 50, 53]
surface	65.75	[62, 43, 47, 50, 53]
surface	66.0	[60, 48, 52, 55]
reduction	66.0	[60, 48, 52, 55]
