reduction	1.5	[66]
tonality	2.0	[62, 64, 66, 67, 69, 71, 73]
grouping	2.0	[64, 67, 71]
surface	2.0	[66, 50, 54, 57]
reduction	2.0	[69, 50, 54, 57]
surface	1.75	[66, 50, 54, 57]
surface	2.0	[69, 50, 54, 57]
surface	2.5	[66, 50, 54, 57]
surface	2.75	[66, 50, 54, 57]
surface	3.0	[69, 50, 54, 57]
surface	3.5	[66, 50, 54, 57]
surface	3.75	[66, 50, 54, 57]
surface	4.0	[69, 50, 54, 57]
reduction	4.0	[66, 50, 54, 57]
surface	4.5	[66, 50, 54, 57]
surface	5.5	[66, 50, 54, 57]
surface	5.75	[67, 50, 54, 57]
surface	6.0	[69, 50, 54, 57]
reduction	6.0	[69, 50, 54, 57]
surface	6.25	[69, 50, 54, 57]
surface	6.5	[69, 50, 54, 57]
surface	6.75	[69, 50, 54, 57]
surface	7.0	[71, 50, 54, 57]
reduction	7.0	[71, 50, 54, 57]
surface	7.25	[69, 50, 54, 57]
surface	7.5	[67, 50, 54, 57]
surface	7.75	[66, 50, 54, 57]
surface	8.0	[67, 45, 49, 52, 55]
reduction	8.0	[67, 45, 49, 52, 55]
surface	9.5	[67, 45, 49, 52, 55]
reduction	9.5	[67, 45, 49, 52, 55]
surface	9.75	[67, 45, 49, 52, 55]
grouping	10.0	[64]
surface	10.0	[71, 45, 49, 52, 55]
reduction	10.0	[71, 45, 49, 52, 55]
surface	10.5	[67, 45, 49, 52, 55]
surface	10.75	[67, 45, 49, 52, 55]
surface	11.0	[71, 45, 49, 52, 55]
surface	11.5	[67, 45, 49, 52, 55]
surface	11.75	[67, 45, 49, 52, 55]
surface	12.0	[71, 45, 49, 52, 55]
reduction	12.0	[67, 45, 49, 52, 55]
surface	12.5	[67, 45, 49, 52, 55]
surface	13.5	[67, 45, 49, 52, 55]
surface	13.75	[69, 45, 49, 52, 55]
surface	14.0	[71, 45, 49, 52, 55]
reduction	14.0	[71, 45, 49, 52, 55]
surface	14.25	[71, 45, 49, 52, 55]
surface	14.5	[71, 45, 49, 52, 55]
surface	14.75	[71, 45, 49, 52, 55]
surface	15.0	[74, 45, 49, 52, 55]
reduction	15.0	[74, 45, 49, 52, 55]
surface	15.25	[74, 45, 49, 52, 55]
surface	15.5	[73, 45, 49, 52, 55]
surface	15.75	[71, 45, 49, 52, 55]
surface	16.0	[69, 50, 54, 57]
reduction	16.0	[69, 50, 54, 57]
surface	17.5	[66, 50, 54, 57]
reduction	17.5	[66, 50, 54, 57]
surface	17.75	[66, 50, 54, 57]
grouping	18.0	[64, 67]
surface	18.0	[69, 50, 54, 57]
reduction	18.0	[69, 50, 54, 57]
surface	18.5	[66, 50, 54, 57]
surface	18.75	[66, 50, 54, 57]
surface	19.0	[69, 50, 54, 57]
surface	19.5	[66, 50, 54, 57]
surface	19.75	[66, 50, 54, 57]
surface	20.0	[69, 50, 54, 57]
reduction	20.0	[66, 50, 54, 57]
surface	20.5	[66, 50, 54, 57]
surface	21.5	[66, 50, 54, 57]
surface	21.75	[67, 50, 54, 57]
surface	22.0	[69, 47, 51, 54, 57]
reduction	22.0	[69, 47, 51, 54, 57]
surface	22.25	[69, 47, 51, 54, 57]
surface	22.5	[69, 47, 51, 54, 57]
surface	22.75	[69, 47, 51, 54, 57]
surface	23.0	[71, 47, 51, 54, 57]
surface	23.25	[69, 47, 51, 54, 57]
surface	23.5	[67, 47, 51, 54, 57]
surface	23.75	[66, 47, 51, 54, 57]
surface	24.0	[64, 67, 52, 55, 59]
reduction	24.0	[67, 52, 55, 59]
surface	25.5	[67, 52, 55, 59]
reduction	25.5	[67, 52, 55, 59]
surface	25.75	[66, 52, 55, 59]
grouping	26.0	[64]
surface	26.0	[64, 45, 49, 52, 55]
reduction	26.0	[64, 45, 49, 52, 55]
surface	26.25	[63, 45, 49, 52, 55]
surface	26.5	[64, 45, 49, 52, 55]
surface	26.75	[66, 45, 49, 52, 55]
surface	27.0	[67, 45, 49, 52, 55]
reduction	27.0	[69, 45, 49, 52, 55]
surface	27.25	[69, 45, 49, 52, 55]
surface	27.5	[71, 45, 49, 52, 55]
surface	27.75	[73, 45, 49, 52, 55]
surface	28.0	[76, 50, 54, 57]
reduction	28.0	[74, 50, 54, 57]
surface	28.5	[74, 50, 54, 57]
reduction	29.0	[69, 50, 54, 57]
surface	29.25	[69, 50, 54, 57]
surface	29.5	[68, 50, 54, 57]
surface	29.75	[69, 50, 54, 57]
surface	30.0	[73, 45, 49, 52, 55]
reduction	30.0	[67, 45, 49, 52, 55]
surface	30.25	[71, 45, 49, 52, 55]
surface	30.5	[69, 45, 49, 52, 55]
surface	30.75	[67, 45, 49, 52, 55]
surface	31.0	[66, 45, 49, 52, 55]
reduction	31.0	[66, 45, 49, 52, 55]
surface	31.25	[69, 45, 49, 52, 55]
surface	31.5	[67, 45, 49, 52, 55]
reduction	31.5	[64, 45, 49, 52, 55]
surface	31.75	[64, 45, 49, 52, 55]
surface	32.0	[62, 50, 54, 57]
reduction	32.0	[62, 50, 54, 57]
surface	33.5	[71, 50, 54, 57]
reduction	33.5	[71, 50, 54, 57]
tonality	34.0	[67, 69, 71, 72, 74, 76, 78]
grouping	34.0	[64, 67, 71]
surface	34.0	[74, 43, 47, 50]
reduction	34.0	[74, 43, 47, 50]
surface	34.75	[72, 43, 47, 50]
surface	35.0	[71, 43, 47, 50]
reduction	35.0	[71, 43, 47, 50]
surface	35.25	[69, 43, 47, 50]
surface	35.5	[72, 43, 47, 50]
surface	35.75	[71, 43, 47, 50]
surface	36.0	[69, 43, 47, 50]
reduction	36.0	[67, 43, 47, 50]
surface	36.5	[67, 43, 47, 50]
surface	38.0	[74, 40, 44, 47, 50]
reduction	38.0	[74, 40, 44, 47, 50]
surface	38.75	[72, 40, 44, 47, 50]
surface	39.0	[71, 40, 44, 47, 50]
reduction	39.0	[71, 40, 44, 47, 50]
surface	39.25	[69, 40, 44, 47, 50]
surface	39.5	[68, 40, 44, 47, 50]
surface	39.75	[71, 40, 44, 47, 50]
surface	40.0	[69, 45, 48, 52]
reduction	40.0	[69, 45, 48, 52]
surface	42.0	[76, 45, 48, 52]
reduction	42.0	[76, 45, 48, 52]
surface	42.75	[74, 45, 48, 52]
surface	43.0	[72, 45, 48, 52]
reduction	43.0	[72, 45, 48, 52]
surface	43.25	[71, 45, 48, 52]
surface	43.5	[69, 45, 48, 52]
surface	43.75	[68, 45, 48, 52]
surface	44.0	[69, 72, 38, 42, 45, 48]
reduction	44.0	[72, 38, 42, 45, 48]
surface	44.5	[66, 69, 38, 42, 45, 48]
reduction	45.0	[69, 38, 42, 45, 48]
surface	45.25	[69, 38, 42, 45, 48]
surface	45.5	[68, 38, 42, 45, 48]
surface	45.75	[69, 38, 42, 45, 48]
surface	46.0	[64, 72, 43, 47, 50]
reduction	46.0	[71, 43, 47, 50]
surface	46.5	[62, 71, 43, 47, 50]
surface	47.5	[71, 43, 47, 50]
reduction	47.5	[71, 43, 47, 50]
grouping	48.0	[64, 67]
surface	48.0	[74, 43, 47, 50]
reduction	48.0	[74, 43, 47, 50]
surface	48.75	[72, 43, 47, 50]
surface	49.0	[71, 43, 47, 50]
reduction	49.0	[71, 43, 47, 50]
surface	49.25	[69, 43, 47, 50]
surface	49.5	[72, 43, 47, 50]
surface	49.75	[71, 43, 47, 50]
surface	50.0	[69, 43, 47, 50]
reduction	50.0	[67, 43, 47, 50]
surface	50.5	[67, 43, 47, 50]
surface	52.0	[76, 40, 44, 47, 50]
reduction	52.0	[76, 40, 44, 47, 50]
surface	52.75	[74, 40, 44, 47, 50]
surface	53.0	[72, 40, 44, 47, 50]
reduction	53.0	[72, 40, 44, 47, 50]
surface	53.25	[71, 40, 44, 47, 50]
surface	53.5	[69, 40, 44, 47, 50]
surface	53.75	[68, 40, 44, 47, 50]
surface	54.0	[69, 45, 48, 52]
reduction	54.0	[69, 45, 48, 52]
surface	55.5	[72, 45, 48, 52]
reduction	55.5	[72, 45, 48, 52]
surface	55.75	[72, 45, 48, 52]
grouping	56.0	[64]
surface	56.0	[76, 48, 52, 55]
reduction	56.0	[72, 48, 52, 55]
surface	56.25	[72, 48, 52, 55]
surface	56.5	[72, 48, 52, 55]
surface	56.75	[72, 48, 52, 55]
surface	57.0	[76, 48, 52, 55]
surface	57.25	[72, 48, 52, 55]
surface	57.5	[72, 48, 52, 55]
surface	57.75	[72, 48, 52, 55]
surface	58.0	[74, 43, 47, 50]
reduction	58.0	[71, 43, 47, 50]
surface	58.25	[71, 43, 47, 50]
surface	58.5	[71, 43, 47, 50]
surface	58.75	[71, 43, 47, 50]
surface	59.0	[74, 43, 47, 50]
surface	59.25	[71, 43, 47, 50]
surface	59.5	[71, 43, 47, 50]
surface	59.75	[71, 43, 47, 50]
surface	60.0	[72, 50, 54, 57, 60]
reduction	60.0	[69, 50, 54, 57, 60]
surface	60.25	[69, 50, 54, 57, 60]
surface	60.5	[69, 50, 54, 57, 60]
surface	60.75	[69, 50, 54, 57, 60]
surface	61.0	[72, 50, 54, 57, 60]
surface	61.25	[69, 50, 54, 57, 60]
surface	61.5	[69, 50, 54, 57, 60]
surface	61.75	[66, 50, 54, 57, 60]
surface	62.0	[67, 43, 47, 50]
reduction	62.0	[67, 43, 47, 50]
