reduction	1.75	[57]
tonality	2.0	[69, 71, 73, 74, 76, 78, 79]
grouping	2.0	[64, 67, 71]
surface	2.0	[57, 45, 49, 52, 55]
reduction	2.0	[67, 45, 49, 52, 55]
surface	2.0	[67, 45, 49, 52, 55]
surface	2.25	[66, 45, 49, 52, 55]
surface	2.5	[64, 45, 49, 52, 55]
surface	2.75	[66, 45, 49, 52, 55]
surface	3.0	[67, 45, 49, 52, 55]
surface	3.25	[66, 45, 49, 52, 55]
surface	3.5	[64, 45, 49, 52, 55]
surface	3.75	[66, 45, 49, 52, 55]
surface	4.0	[67, 45, 49, 52, 55]
reduction	4.0	[67, 45, 49, 52, 55]
surface	5.75	[57, 45, 49, 52, 55]
reduction	5.75	[57, 45, 49, 52, 55]
surface	6.0	[69, 50, 54, 57]
reduction	6.0	[69, 50, 54, 57]
surface	6.25	[67, 50, 54, 57]
surface	6.5	[66, 50, 54, 57]
surface	6.75	[67, 50, 54, 57]
surface	7.0	[69, 50, 54, 57]
surface	7.25	[67, 50, 54, 57]
surface	7.5	[66, 50, 54, 57]
surface	7.75	[67, 50, 54, 57]
surface	8.0	[69, 50, 54, 57]
reduction	8.0	[69, 50, 54, 57]
surface	9.75	[66, 50, 54, 57]
reduction	9.75	[66, 50, 54, 57]
surface	10.0	[74, 43, 47, 50]
reduction	10.0	[71, 43, 47, 50]
surface	10.25	[73, 43, 47, 50]
surface	10.5	[71, 43, 47, 50]
surface	11.0	[71, 43, 47, 50]
surface	11.25	[73, 43, 47, 50]
surface	11.5	[74, 43, 47, 50]
surface	11.75	[76, 43, 47, 50]
surface	12.0	[73, 42, 45, 49]
reduction	12.0	[69, 42, 45, 49]
surface	12.25	[71, 42, 45, 49]
surface	12.5	[69, 42, 45, 49]
surface	13.0	[69, 42, 45, 49]
surface	13.5	[69, 42, 45, 49]
surface	14.0	[71, 40, 43, 47]
reduction	14.0	[71, 40, 43, 47]
surface	14.25	[69, 40, 43, 47]
surface	14.5	[67, 40, 43, 47]
surface	14.75	[66, 40, 43, 47]
surface	15.0	[64, 40, 43, 47]
surface	15.25	[66, 40, 43, 47]
surface	15.5	[67, 40, 43, 47]
surface	15.75	[64, 40, 43, 47]
surface	16.0	[69, 45, 49, 52, 55]
reduction	16.0	[69, 45, 49, 52, 55]
surface	17.5	[64, 45, 49, 52, 55]
reduction	17.5	[64, 45, 49, 52, 55]
surface	17.75	[65, 45, 49, 52, 55]
tonality	18.0	[62, 64, 65, 67, 69, 70, 71]
grouping	18.0	[64, 67]
surface	18.0	[67, 43, 46, 50]
reduction	18.0	[67, 43, 46, 50]
surface	18.25	[65, 43, 46, 50]
surface	18.5	[64, 43, 46, 50]
surface	18.75	[65, 43, 46, 50]
surface	19.0	[67, 43, 46, 50]
surface	19.25	[65, 43, 46, 50]
surface	19.5	[64, 43, 46, 50]
surface	19.75	[65, 43, 46, 50]
surface	20.0	[67, 43, 46, 50]
reduction	20.0	[67, 43, 46, 50]
surface	21.75	[57, 43, 46, 50]
reduction	21.75	[57, 43, 46, 50]
surface	22.0	[69, 50, 53, 57]
reduction	22.0	[69, 50, 53, 57]
surface	22.25	[67, 50, 53, 57]
surface	22.5	[65, 50, 53, 57]
surface	22.75	[67, 50, 53, 57]
surface	23.0	[69, 50, 53, 57]
surface	23.25	[67, 50, 53, 57]
surface	23.5	[65, 50, 53, 57]
surface	23.75	[67, 50, 53, 57]
surface	24.0	[69, 50, 53, 57]
reduction	24.0	[69, 50, 53, 57]
surface	25.75	[58, 50, 53, 57]
reduction	25.75	[58, 50, 53, 57]
surface	26.0	[67, 43, 46, 50]
reduction	26.0	[67, 43, 46, 50]
surface	26.25	[65, 43, 46, 50]
surface	26.5	[64, 43, 46, 50]
surface	26.75	[65, 43, 46, 50]
surface	27.0	[67, 43, 46, 50]
surface	27.75	[64, 43, 46, 50]
surface	28.0	[65, 50, 53, 57]
reduction	28.0	[65, 50, 53, 57]
surface	28.25	[64, 50, 53, 57]
surface	28.5	[62, 50, 53, 57]
surface	28.75	[64, 50, 53, 57]
surface	29.0	[65, 50, 53, 57]
surface	29.75	[62, 50, 53, 57]
surface	30.0	[65, 46, 50, 53]
reduction	30.0	[65, 46, 50, 53]
surface	30.25	[62, 46, 50, 53]
surface	30.5	[65, 46, 50, 53]
surface	30.75	[67, 46, 50, 53]
surface	31.0	[64, 40, 44, 47]
reduction	31.0	[64, 40, 44, 47]
surface	31.25	[59, 40, 44, 47]
surface	31.5	[61, 45, 49, 52, 55]
reduction	31.5	[64, 45, 49, 52, 55]
surface	31.75	[57, 45, 49, 52, 55]
surface	32.0	[62, 50, 53, 57]
reduction	32.0	[62, 50, 53, 57]
surface	33.5	[69, 50, 53, 57]
reduction	33.5	[69, 50, 53, 57]
surface	33.75	[67, 50, 53, 57]
grouping	34.0	[64, 67, 70]
surface	34.0	[65, 50, 53, 57]
reduction	34.0	[65, 50, 53, 57]
surface	36.0	[50, 53, 57]
reduction	36.0	[65, 50, 53, 57]
surface	36.5	[65, 50, 53, 57]
surface	36.75	[65, 50, 53, 57]
surface	37.0	[65, 50, 53, 57]
surface	37.25	[64, 50, 53, 57]
surface	37.5	[62, 50, 53, 57]
surface	37.75	[61, 50, 53, 57]
surface	38.0	[64, 50, 53, 57]
reduction	38.0	[62, 50, 53, 57]
surface	38.5	[62, 50, 53, 57]
surface	39.0	[62, 50, 53, 57]
surface	39.75	[62, 50, 53, 57]
surface	40.0	[74, 50, 53, 57]
reduction	40.0	[74, 50, 53, 57]
surface	40.25	[73, 50, 53, 57]
surface	40.5	[72, 50, 53, 57]
surface	40.75	[71, 50, 53, 57]
surface	41.0	[70, 50, 54, 57, 60]
reduction	41.0	[69, 50, 54, 57, 60]
surface	41.25	[69, 50, 54, 57, 60]
surface	41.5	[67, 50, 54, 57, 60]
surface	41.75	[66, 50, 54, 57, 60]
surface	42.0	[67, 43, 46, 50]
reduction	42.0	[67, 43, 46, 50]
surface	43.5	[74, 43, 46, 50]
reduction	43.5	[74, 43, 46, 50]
surface	43.75	[73, 43, 46, 50]
surface	44.0	[74, 43, 46, 50]
reduction	44.0	[74, 43, 46, 50]
surface	44.25	[70, 43, 46, 50]
surface	44.5	[74, 43, 46, 50]
surface	44.75	[73, 43, 46, 50]
surface	45.0	[74, 48, 52, 55, 58]
reduction	45.0	[74, 48, 52, 55, 58]
surface	45.25	[70, 48, 52, 55, 58]
surface	45.5	[74, 48, 52, 55, 58]
surface	45.75	[73, 48, 52, 55, 58]
surface	46.0	[74, 41, 45, 48]
reduction	46.0	[74, 41, 45, 48]
surface	46.25	[69, 41, 45, 48]
surface	46.5	[74, 41, 45, 48]
surface	46.75	[73, 41, 45, 48]
surface	47.0	[72, 46, 50, 53, 56]
reduction	47.0	[70, 46, 50, 53, 56]
surface	47.25	[71, 46, 50, 53, 56]
surface	47.5	[70, 46, 50, 53, 56]
surface	47.75	[69, 46, 50, 53, 56]
surface	48.0	[70, 45, 49, 52, 55]
reduction	48.0	[69, 45, 49, 52, 55]
surface	48.25	[69, 45, 49, 52, 55]
surface	48.5	[69, 45, 49, 52, 55]
surface	48.75	[68, 45, 49, 52, 55]
surface	49.0	[69, 45, 49, 52, 55]
reduction	49.0	[67, 45, 49, 52, 55]
surface	49.25	[67, 45, 49, 52, 55]
surface	49.5	[67, 45, 49, 52, 55]
surface	49.75	[66, 45, 49, 52, 55]
surface	50.0	[67, 50, 53, 57]
reduction	50.0	[65, 50, 53, 57]
surface	50.5	[65, 50, 53, 57]
surface	51.0	[65, 50, 53, 57]
surface	51.5	[69, 50, 53, 57]
surface	51.75	[67, 50, 53, 57]
grouping	52.0	[64, 67]
surface	52.0	[65, 50, 53, 57]
reduction	52.0	[65, 50, 53, 57]
surface	54.0	[50, 53, 57]
reduction	54.0	[65, 50, 53, 57]
surface	54.5	[65, 50, 53, 57]
surface	54.75	[69, 50, 53, 57]
surface	55.0	[65, 50, 53, 57]
surface	55.25	[64, 50, 53, 57]
surface	55.5	[62, 50, 53, 57]
surface	55.75	[61, 50, 53, 57]
surface	56.0	[64, 50, 53, 57]
reduction	56.0	[62, 50, 53, 57]
surface	56.5	[62, 50, 53, 57]
surface	57.0	[62, 50, 53, 57]
surface	57.75	[62, 50, 53, 57]
surface	58.0	[74, 50, 53, 57]
reduction	58.0	[74, 50, 53, 57]
surface	58.25	[73, 50, 53, 57]
surface	58.5	[72, 50, 53, 57]
surface	58.75	[71, 50, 53, 57]
surface	59.0	[70, 50, 54, 57, 60]
reduction	59.0	[69, 50, 54, 57, 60]
surface	59.25	[69, 50, 54, 57, 60]
surface	59.5	[67, 50, 54, 57, 60]
surface	59.75	[66, 50, 54, 57, 60]
surface	60.0	[67, 43, 46, 50]
reduction	60.0	[67, 43, 46, 50]
surface	61.5	[74, 43, 46, 50]
reduction	61.5	[74, 43, 46, 50]
surface	61.75	[73, 43, 46, 50]
surface	62.0	[74, 43, 46, 50]
reduction	62.0	[74, 43, 46, 50]
surface	62.25	[70, 43, 46, 50]
surface	62.5	[74, 43, 46, 50]
surface	62.75	[73, 43, 46, 50]
surface	63.0	[74, 48, 52, 55, 58]
reduction	63.0	[74, 48, 52, 55, 58]
surface	63.25	[70, 48, 52, 55, 58]
surface	63.5	[74, 48, 52, 55, 58]
surface	63.75	[73, 48, 52, 55, 58]
surface	64.0	[74, 41, 45, 48]
reduction	64.0	[74, 41, 45, 48]
surface	64.25	[69, 41, 45, 48]
surface	64.5	[74, 41, 45, 48]
surface	64.75	[73, 41, 45, 48]
surface	65.0	[72, 46, 50, 53, 56]
reduction	65.0	[70, 46, 50, 53, 56]
surface	65.25	[71, 46, 50, 53, 56]
surface	65.5	[70, 46, 50, 53, 56]
surface	65.75	[69, 46, 50, 53, 56]
surface	66.0	[70, 45, 49, 52, 55]
reduction	66.0	[69, 45, 49, 52, 55]
surface	66.5	[69, 45, 49, 52, 55]
reduction	67.0	[64, 45, 49, 52, 55]
surface	67.25	[67, 45, 49, 52, 55]
surface	67.5	[64, 45, 49, 52, 55]
surface	67.75	[65, 45, 49, 52, 55]
surface	68.0	[62, 50, 53, 57]
reduction	68.0	[62, 50, 53, 57]
