tonality	0.0	[63, 65, 68, 70, 70, 73, 75]
reduction	0.0	[65]
grouping	2.0	[68, 72]
surface	2.0	[65, 48, 52, 55, 58]
reduction	2.0	[70, 48, 52, 55, 58]
surface	0.25	[64, 48, 52, 55, 58]
surface	0.75	[65, 48, 52, 55, 58]
surface	1.0	[67, 48, 52, 55, 58]
surface	1.5	[68, 48, 52, 55, 58]
surface	2.0	[70, 48, 52, 55, 58]
surface	2.75	[68, 48, 52, 55, 58]
surface	3.0	[70, 48, 52, 55, 58]
surface	3.25	[72, 48, 52, 55, 58]
surface	3.75	[68, 48, 52, 55, 58]
surface	4.0	[70, 48, 52, 55, 58]
reduction	4.0	[70, 48, 52, 55, 58]
surface	4.75	[68, 48, 52, 55, 58]
surface	5.0	[70, 48, 52, 55, 58]
surface	5.25	[72, 48, 52, 55, 58]
surface	5.75	[67, 48, 52, 55, 58]
surface	6.0	[68, 41, 44, 48]
reduction	6.0	[68, 41, 44, 48]
surface	6.75	[67, 41, 44, 48]
surface	7.0	[68, 41, 44, 48]
surface	7.25	[70, 41, 44, 48]
surface	7.75	[67, 41, 44, 48]
surface	8.0	[68, 41, 44, 48]
reduction	8.0	[68, 41, 44, 48]
surface	8.75	[67, 41, 44, 48]
surface	9.0	[68, 41, 44, 48]
surface	9.25	[70, 41, 44, 48]
surface	9.75	[66, 41, 44, 48]
surface	10.0	[67, 48, 52, 55, 58]
reduction	10.0	[67, 48, 52, 55, 58]
surface	10.75	[66, 48, 52, 55, 58]
surface	11.0	[67, 48, 52, 55, 58]
surface	11.25	[68, 48, 52, 55, 58]
surface	11.75	[66, 48, 52, 55, 58]
surface	12.0	[67, 48, 52, 55, 58]
reduction	12.0	[67, 48, 52, 55, 58]
surface	12.75	[65, 48, 52, 55, 58]
surface	13.0	[64, 48, 52, 55, 58]
surface	13.5	[65, 48, 52, 55, 58]
surface	13.75	[67, 48, 52, 55, 58]
surface	14.0	[65, 41, 44, 48]
reduction	14.0	[65, 41, 44, 48]
surface	14.5	[67, 41, 44, 48]
surface	14.75	[65, 41, 44, 48]
surface	15.0	[72, 41, 44, 48]
surface	16.0	[65, 41, 44, 48]
reduction	16.0	[65, 41, 44, 48]
surface	18.0	[41, 45, 48, 51]
reduction	18.0	[77, 41, 45, 48, 51]
surface	18.5	[77, 41, 45, 48, 51]
surface	19.0	[76, 41, 45, 48, 51]
surface	19.5	[75, 41, 45, 48, 51]
grouping	20.0	[68, 72]
surface	20.0	[73, 46, 49, 53]
reduction	20.0	[73, 46, 49, 53]
surface	20.75	[72, 46, 49, 53]
surface	21.0	[70, 46, 49, 53]
surface	21.25	[73, 46, 49, 53]
surface	21.5	[72, 46, 49, 53]
surface	21.75	[70, 46, 49, 53]
surface	22.0	[73, 42, 46, 49]
reduction	22.0	[73, 42, 46, 49]
surface	22.75	[72, 42, 46, 49]
surface	23.0	[70, 42, 46, 49]
surface	23.25	[73, 42, 46, 49]
surface	23.5	[72, 42, 46, 49]
surface	23.75	[70, 42, 46, 49]
surface	24.0	[72, 41, 44, 48]
reduction	24.0	[72, 41, 44, 48]
surface	24.75	[70, 41, 44, 48]
surface	25.0	[68, 41, 44, 48]
surface	25.25	[72, 41, 44, 48]
surface	25.5	[70, 41, 44, 48]
surface	25.75	[68, 41, 44, 48]
surface	26.0	[72, 41, 44, 48]
reduction	26.0	[72, 41, 44, 48]
surface	26.75	[70, 41, 44, 48]
surface	27.0	[68, 41, 44, 48]
surface	27.25	[72, 41, 44, 48]
surface	27.5	[70, 41, 44, 48]
surface	27.75	[68, 41, 44, 48]
surface	28.0	[70, 48, 52, 55, 58]
reduction	28.0	[70, 48, 52, 55, 58]
surface	28.75	[68, 48, 52, 55, 58]
surface	29.0	[67, 48, 52, 55, 58]
surface	29.25	[70, 48, 52, 55, 58]
surface	29.5	[68, 48, 52, 55, 58]
surface	29.75	[67, 48, 52, 55, 58]
surface	30.0	[70, 48, 52, 55, 58]
reduction	30.0	[70, 48, 52, 55, 58]
surface	30.75	[68, 48, 52, 55, 58]
surface	31.0	[67, 48, 52, 55, 58]
surface	31.25	[70, 48, 52, 55, 58]
surface	31.5	[68, 48, 52, 55, 58]
surface	31.75	[67, 48, 52, 55, 58]
surface	32.0	[68, 41, 44, 48]
reduction	32.0	[68, 41, 44, 48]
surface	32.5	[72, 41, 44, 48]
reduction	33.0	[72, 41, 44, 48]
surface	33.25	[71, 41, 44, 48]
surface	33.5	[72, 41, 44, 48]
surface	34.0	[65, 41, 44, 48]
reduction	34.0	[65, 41, 44, 48]
grouping	36.0	[66, 70]
surface	36.0	[77, 44, 48, 51]
reduction	36.0	[77, 44, 48, 51]
surface	36.75	[79, 44, 48, 51]
surface	37.0	[77, 44, 48, 51]
surface	37.25	[79, 44, 48, 51]
surface	37.5	[77, 44, 48, 51]
surface	37.75	[79, 44, 48, 51]
surface	38.0	[77, 39, 43, 46, 49]
reduction	38.0	[77, 39, 43, 46, 49]
surface	38.75	[79, 39, 43, 46, 49]
surface	39.0	[77, 39, 43, 46, 49]
surface	39.25	[79, 39, 43, 46, 49]
surface	39.5	[77, 39, 43, 46, 49]
surface	40.0	[39, 43, 46, 49]
reduction	40.0	[79, 39, 43, 46, 49]
surface	40.25	[79, 39, 43, 46, 49]
surface	40.5	[77, 39, 43, 46, 49]
surface	40.75	[79, 39, 43, 46, 49]
surface	41.0	[77, 39, 43, 46, 49]
surface	41.5	[79, 39, 43, 46, 49]
surface	42.0	[77, 44, 48, 51]
reduction	42.0	[75, 44, 48, 51]
surface	43.0	[75, 44, 48, 51]
grouping	44.0	[66]
surface	44.0	[76, 48, 52, 55, 58]
reduction	44.0	[76, 48, 52, 55, 58]
surface	44.75	[72, 48, 52, 55, 58]
surface	45.0	[73, 48, 52, 55, 58]
surface	45.25	[75, 48, 52, 55, 58]
surface	45.5	[73, 48, 52, 55, 58]
surface	45.75	[72, 48, 52, 55, 58]
surface	46.0	[73, 41, 44, 48]
reduction	46.0	[73, 41, 44, 48]
surface	46.75	[72, 41, 44, 48]
surface	47.0	[75, 41, 44, 48]
surface	47.25	[73, 41, 44, 48]
surface	47.5	[72, 41, 44, 48]
surface	47.75	[73, 41, 44, 48]
surface	48.0	[72, 48, 52, 55, 58]
reduction	48.0	[72, 48, 52, 55, 58]
surface	48.75	[70, 48, 52, 55, 58]
surface	49.0	[73, 48, 52, 55, 58]
surface	49.25	[72, 48, 52, 55, 58]
surface	49.5	[70, 48, 52, 55, 58]
surface	49.75	[72, 48, 52, 55, 58]
surface	50.0	[70, 41, 44, 48]
reduction	50.0	[68, 41, 44, 48]
surface	51.0	[68, 41, 44, 48]
surface	52.0	[72, 48, 52, 55, 58]
reduction	52.0	[72, 48, 52, 55, 58]
surface	52.75	[70, 48, 52, 55, 58]
surface	53.0	[68, 48, 52, 55, 58]
reduction	53.0	[68, 48, 52, 55, 58]
surface	53.25	[67, 48, 52, 55, 58]
surface	53.5	[70, 48, 52, 55, 58]
surface	53.75	[68, 48, 52, 55, 58]
surface	54.0	[65, 41, 44, 48]
reduction	54.0	[65, 41, 44, 48]
