tonality	0.0	[62, 64, 66, 67, 69, 71, 73]
grouping	0.0	[64, 67]
reduction	0.0	[71]
surface	2.0	[71, 42, 46, 49, 52]
reduction	2.0	[70, 42, 46, 49, 52]
surface	1.0	[71, 42, 46, 49, 52]
surface	1.25	[70, 42, 46, 49, 52]
surface	1.5	[73, 42, 46, 49, 52]
surface	1.75	[71, 42, 46, 49, 52]
surface	2.0	[71, 42, 46, 49, 52]
surface	3.0	[70, 42, 46, 49, 52]
surface	4.0	[47, 51, 54, 57]
reduction	4.0	[69, 47, 51, 54, 57]
surface	4.5	[69, 47, 51, 54, 57]
surface	5.0	[69, 47, 51, 54, 57]
surface	5.25	[68, 47, 51, 54, 57]
surface	5.5	[71, 47, 51, 54, 57]
surface	5.75	[69, 47, 51, 54, 57]
surface	6.0	[69, 40, 43, 47]
reduction	6.0	[67, 40, 43, 47]
surface	7.0	[67, 40, 43, 47]
surface	8.0	[43, 46, 50]
reduction	8.0	[67, 43, 46, 50]
surface	8.5	[67, 43, 46, 50]
surface	9.0	[69, 43, 46, 50]
surface	9.25	[67, 43, 46, 50]
surface	9.5	[62, 43, 46, 50]
surface	9.75	[64, 43, 46, 50]
surface	10.0	[66, 50, 54, 57]
reduction	10.0	[66, 50, 54, 57]
surface	10.5	[69, 50, 54, 57]
surface	11.0	[73, 44, 47, 50, 53]
reduction	11.0	[71, 44, 47, 50, 53]
surface	11.5	[71, 44, 47, 50, 53]
surface	12.0	[69, 50, 54, 57]
reduction	12.0	[69, 50, 54, 57]
surface	12.5	[66, 50, 54, 57]
surface	12.75	[62, 50, 54, 57]
surface	13.0	[59, 50, 54, 57]
reduction	13.0	[59, 50, 54, 57]
surface	13.5	[67, 50, 54, 57]
surface	14.0	[64, 52, 55, 59, 62]
reduction	14.0	[64, 52, 55, 59, 62]
surface	15.0	[64, 45, 49, 52, 55]
reduction	15.0	[64, 45, 49, 52, 55]
grouping	16.0	[64, 67, 71]
surface	16.0	[62, 50, 54, 57]
reduction	16.0	[62, 50, 54, 57]
surface	16.75	[57, 50, 54, 57]
surface	17.0	[62, 50, 54, 57]
surface	17.25	[66, 50, 54, 57]
surface	17.5	[69, 50, 54, 57]
surface	17.75	[73, 50, 54, 57]
surface	18.0	[71, 50, 54, 57]
reduction	18.0	[69, 50, 54, 57]
surface	18.5	[69, 50, 54, 57]
surface	19.0	[69, 54, 57, 61]
reduction	19.0	[69, 54, 57, 61]
surface	19.5	[66, 54, 57, 61]
surface	19.75	[64, 54, 57, 61]
surface	20.0	[64, 47, 50, 54]
reduction	20.0	[62, 47, 50, 54]
surface	20.5	[62, 47, 50, 54]
surface	20.75	[62, 47, 50, 54]
surface	21.0	[62, 52, 56, 59, 62]
reduction	21.0	[62, 52, 56, 59, 62]
surface	21.5	[59, 52, 56, 59, 62]
surface	21.75	[62, 52, 56, 59, 62]
surface	22.0	[69, 45, 49, 52]
reduction	22.0	[69, 45, 49, 52]
grouping	24.0	[64]
surface	24.0	[45, 49, 52]
reduction	24.0	[67, 45, 49, 52]
surface	24.5	[67, 45, 49, 52]
surface	24.75	[67, 45, 49, 52]
surface	25.0	[67, 42, 46, 49, 52]
reduction	25.0	[67, 42, 46, 49, 52]
surface	25.5	[66, 42, 46, 49, 52]
surface	25.75	[67, 42, 46, 49, 52]
surface	26.0	[66, 47, 50, 54]
reduction	26.0	[66, 47, 50, 54]
surface	26.5	[66, 47, 50, 54]
surface	26.75	[64, 47, 50, 54]
surface	27.0	[64, 47, 50, 54]
reduction	27.0	[62, 47, 50, 54]
surface	27.5	[62, 47, 50, 54]
surface	27.75	[59, 47, 50, 54]
surface	28.0	[66, 47, 50, 54]
reduction	28.0	[66, 47, 50, 54]
surface	28.5	[66, 47, 50, 54]
surface	28.75	[64, 47, 50, 54]
surface	29.0	[62, 52, 56, 59, 62]
reduction	29.0	[62, 52, 56, 59, 62]
surface	29.5	[58, 52, 56, 59, 62]
surface	29.75	[59, 52, 56, 59, 62]
surface	30.0	[64, 45, 49, 52]
reduction	30.0	[64, 45, 49, 52]
grouping	32.0	[64, 67]
surface	32.0	[45, 49, 52]
reduction	32.0	[62, 45, 49, 52]
surface	32.5	[57, 45, 49, 52]
surface	33.0	[62, 45, 49, 52]
surface	33.25	[66, 45, 49, 52]
surface	33.5	[69, 45, 49, 52]
surface	33.75	[73, 45, 49, 52]
surface	34.0	[71, 50, 54, 57]
reduction	34.0	[69, 50, 54, 57]
surface	34.5	[69, 50, 54, 57]
surface	34.75	[69, 50, 54, 57]
surface	35.0	[69, 50, 54, 57]
surface	35.5	[68, 50, 54, 57]
surface	35.75	[66, 50, 54, 57]
surface	36.0	[69, 51, 54, 57, 60]
reduction	36.0	[69, 51, 54, 57, 60]
surface	36.5	[69, 51, 54, 57, 60]
surface	36.75	[69, 51, 54, 57, 60]
surface	37.0	[69, 51, 54, 57, 60]
surface	37.5	[68, 51, 54, 57, 60]
surface	37.75	[66, 51, 54, 57, 60]
surface	38.0	[73, 45, 49, 52]
reduction	38.0	[73, 45, 49, 52]
grouping	40.0	[64]
surface	40.0	[42, 46, 49, 52]
reduction	40.0	[73, 42, 46, 49, 52]
surface	40.5	[73, 42, 46, 49, 52]
surface	40.75	[74, 42, 46, 49, 52]
surface	41.0	[73, 42, 46, 49, 52]
surface	41.5	[65, 42, 46, 49, 52]
surface	41.75	[66, 42, 46, 49, 52]
surface	42.0	[73, 47, 51, 54]
reduction	42.0	[71, 47, 51, 54]
surface	43.0	[71, 47, 51, 54]
surface	44.0	[52, 56, 59]
reduction	44.0	[71, 52, 56, 59]
surface	44.5	[71, 52, 56, 59]
surface	44.75	[73, 52, 56, 59]
surface	45.0	[71, 52, 56, 59]
surface	45.5	[63, 52, 56, 59]
surface	45.75	[64, 52, 56, 59]
surface	46.0	[71, 45, 49, 52, 55]
reduction	46.0	[71, 45, 49, 52, 55]
surface	47.0	[70, 45, 49, 52, 55]
surface	48.0	[69, 45, 49, 52, 55]
reduction	48.0	[69, 45, 49, 52, 55]
surface	48.75	[57, 45, 49, 52, 55]
surface	49.0	[66, 45, 49, 52, 55]
reduction	49.0	[66, 45, 49, 52, 55]
surface	49.25	[66, 45, 49, 52, 55]
surface	49.5	[66, 45, 49, 52, 55]
surface	49.75	[64, 45, 49, 52, 55]
grouping	50.0	[64, 67]
surface	50.0	[67, 50, 54, 57]
reduction	50.0	[66, 50, 54, 57]
surface	51.0	[66, 50, 54, 57]
surface	52.0	[42, 46, 49, 52]
reduction	52.0	[66, 42, 46, 49, 52]
surface	52.5	[66, 42, 46, 49, 52]
surface	53.0	[66, 42, 46, 49, 52]
surface	53.25	[64, 42, 46, 49, 52]
surface	53.5	[64, 42, 46, 49, 52]
surface	53.75	[66, 42, 46, 49, 52]
surface	54.0	[64, 47, 50, 54]
reduction	54.0	[62, 47, 50, 54]
surface	55.0	[62, 47, 50, 54]
surface	56.0	[50, 54, 57, 60]
reduction	56.0	[62, 50, 54, 57, 60]
surface	56.5	[62, 50, 54, 57, 60]
surface	57.0	[62, 50, 54, 57, 60]
surface	57.25	[62, 50, 54, 57, 60]
surface	57.5	[62, 50, 54, 57, 60]
surface	57.75	[62, 50, 54, 57, 60]
surface	58.0	[71, 43, 47, 50]
reduction	58.0	[71, 43, 47, 50]
surface	59.0	[71, 43, 47, 50]
surface	60.0	[47, 51, 54]
reduction	60.0	[71, 47, 51, 54]
surface	60.5	[71, 47, 51, 54]
surface	61.0	[71, 47, 51, 54]
surface	61.25	[69, 47, 51, 54]
surface	61.5	[72, 47, 51, 54]
surface	61.75	[71, 47, 51, 54]
grouping	62.0	[64]
surface	62.0	[71, 52, 55, 59]
reduction	62.0	[71, 52, 55, 59]
surface	64.0	[52, 55, 59]
reduction	64.0	[71, 52, 55, 59]
surface	64.5	[71, 52, 55, 59]
surface	65.0	[71, 52, 55, 59]
surface	65.25	[69, 52, 55, 59]
surface	65.5	[63, 52, 55, 59]
surface	65.75	[64, 52, 55, 59]
surface	66.0	[71, 45, 49, 52]
reduction	66.0	[69, 45, 49, 52]
surface	67.0	[69, 45, 49, 52]
surface	68.0	[42, 46, 49, 52]
reduction	68.0	[66, 42, 46, 49, 52]
surface	68.5	[67, 42, 46, 49, 52]
surface	69.0	[67, 42, 46, 49, 52]
surface	69.25	[66, 42, 46, 49, 52]
surface	69.5	[60, 42, 46, 49, 52]
surface	69.75	[61, 42, 46, 49, 52]
surface	70.0	[64, 47, 50, 54]
reduction	70.0	[62, 47, 50, 54]
surface	71.0	[62, 47, 50, 54]
surface	72.0	[47, 50, 54]
reduction	72.0	[62, 47, 50, 54]
surface	72.5	[62, 47, 50, 54]
surface	73.0	[64, 47, 50, 54]
surface	73.25	[62, 47, 50, 54]
surface	73.5	[61, 47, 50, 54]
surface	73.75	[62, 47, 50, 54]
surface	74.0	[66, 42, 45, 49]
reduction	74.0	[66, 42, 45, 49]
surface	75.0	[66, 42, 45, 49]
surface	76.0	[47, 50, 54]
reduction	76.0	[62, 47, 50, 54]
surface	76.5	[62, 47, 50, 54]
surface	77.0	[64, 52, 56, 59, 62]
reduction	77.0	[62, 52, 56, 59, 62]
surface	77.25	[62, 52, 56, 59, 62]
surface	77.5	[61, 52, 56, 59, 62]
surface	77.75	[62, 52, 56, 59, 62]
grouping	78.0	[64, 67]
surface	78.0	[69, 45, 49, 52]
reduction	78.0	[69, 45, 49, 52]
surface	80.0	[45, 49, 52]
reduction	80.0	[66, 45, 49, 52]
surface	80.5	[57, 45, 49, 52]
surface	81.0	[66, 45, 49, 52]
surface	81.25	[66, 45, 49, 52]
surface	81.5	[66, 45, 49, 52]
surface	81.75	[64, 45, 49, 52]
surface	82.0	[67, 50, 54, 57]
reduction	82.0	[66, 50, 54, 57]
surface	83.0	[66, 50, 54, 57]
surface	84.0	[42, 46, 49, 52]
reduction	84.0	[66, 42, 46, 49, 52]
surface	84.5	[66, 42, 46, 49, 52]
surface	85.0	[66, 42, 46, 49, 52]
surface	85.25	[64, 42, 46, 49, 52]
surface	85.5	[64, 42, 46, 49, 52]
surface	85.75	[66, 42, 46, 49, 52]
grouping	86.0	[64]
surface	86.0	[64, 47, 50, 54]
reduction	86.0	[62, 47, 50, 54]
surface	87.0	[62, 47, 50, 54]
surface	88.0	[50, 54, 57, 60]
reduction	88.0	[62, 50, 54, 57, 60]
surface	88.5	[62, 50, 54, 57, 60]
surface	89.0	[62, 50, 54, 57, 60]
surface	89.25	[62, 50, 54, 57, 60]
surface	89.5	[62, 50, 54, 57, 60]
surface	89.75	[62, 50, 54, 57, 60]
surface	90.0	[71, 43, 47, 50]
reduction	90.0	[71, 43, 47, 50]
surface	91.0	[71, 43, 47, 50]
surface	92.0	[47, 51, 54]
reduction	92.0	[71, 47, 51, 54]
surface	92.5	[71, 47, 51, 54]
surface	93.0	[71, 47, 51, 54]
surface	93.25	[69, 47, 51, 54]
surface	93.5	[72, 47, 51, 54]
surface	93.75	[71, 47, 51, 54]
grouping	94.0	[64, 67]
surface	94.0	[71, 52, 55, 59]
reduction	94.0	[71, 52, 55, 59]
surface	96.0	[52, 55, 59]
reduction	96.0	[71, 52, 55, 59]
surface	96.5	[71, 52, 55, 59]
surface	97.0	[71, 52, 55, 59]
surface	97.25	[70, 52, 55, 59]
surface	97.5	[73, 52, 55, 59]
surface	97.75	[71, 52, 55, 59]
surface	98.0	[71, 54, 58, 61]
reduction	98.0	[70, 54, 58, 61]
surface	99.0	[70, 54, 58, 61]
surface	100.0	[47, 51, 54, 57]
reduction	100.0	[69, 47, 51, 54, 57]
surface	100.5	[69, 47, 51, 54, 57]
surface	101.0	[69, 47, 51, 54, 57]
surface	101.25	[68, 47, 51, 54, 57]
surface	101.5	[71, 47, 51, 54, 57]
surface	101.75	[69, 47, 51, 54, 57]
surface	102.0	[69, 52, 55, 59]
reduction	102.0	[67, 52, 55, 59]
surface	103.0	[67, 52, 55, 59]
surface	104.0	[43, 46, 50]
reduction	104.0	[67, 43, 46, 50]
surface	104.5	[67, 43, 46, 50]
surface	105.0	[69, 43, 46, 50]
surface	105.25	[67, 43, 46, 50]
surface	105.5	[62, 43, 46, 50]
surface	105.75	[64, 43, 46, 50]
surface	106.0	[66, 50, 54, 57]
reduction	106.0	[66, 50, 54, 57]
surface	106.5	[69, 50, 54, 57]
surface	107.0	[73, 44, 47, 50, 53]
reduction	107.0	[71, 44, 47, 50, 53]
surface	107.5	[71, 44, 47, 50, 53]
surface	108.0	[69, 50, 54, 57]
reduction	108.0	[69, 50, 54, 57]
surface	108.5	[66, 50, 54, 57]
surface	108.75	[62, 50, 54, 57]
surface	109.0	[59, 50, 54, 57]
reduction	109.0	[59, 50, 54, 57]
surface	109.5	[67, 50, 54, 57]
surface	110.0	[64, 52, 55, 59, 62]
reduction	110.0	[64, 52, 55, 59, 62]
surface	111.0	[64, 45, 49, 52, 55]
reduction	111.0	[64, 45, 49, 52, 55]
surface	112.0	[62, 50, 54, 57]
reduction	112.0	[62, 50, 54, 57]
surface	113.0	[62, 44, 47, 50, 53]
reduction	113.0	[62, 44, 47, 50, 53]
surface	114.0	[45, 49, 52, 55]
reduction	114.0	[66, 45, 49, 52, 55]
surface	114.5	[57, 45, 49, 52, 55]
surface	115.0	[66, 45, 49, 52, 55]
surface	115.25	[66, 45, 49, 52, 55]
surface	115.5	[66, 45, 49, 52, 55]
surface	115.75	[64, 45, 49, 52, 55]
surface	116.0	[62, 50, 54, 57]
reduction	116.0	[62, 50, 54, 57]
surface	118.0	[62, 50, 54, 57]
reduction	118.0	[62, 50, 54, 57]
