tonality	0.0	[65, 67, 69, 70, 72, 74, 76]
grouping	0.0	[58, 62]
surface	0.0	[67, 41, 45, 48, 52]
reduction	0.0	[67, 41, 45, 48, 52]
surface	1.5	[64, 41, 45, 48, 52]
surface	2.0	[64, 41, 45, 48, 52]
surface	2.5	[62, 41, 45, 48, 52]
surface	3.5	[67, 41, 45, 48, 52]
surface	4.0	[67, 41, 45, 48, 52]
reduction	4.0	[64, 41, 45, 48, 52]
surface	5.0	[64, 41, 45, 48, 52]
surface	5.5	[64, 41, 45, 48, 52]
surface	6.0	[64, 41, 45, 48, 52]
surface	6.5	[64, 41, 45, 48, 52]
surface	7.0	[62, 41, 45, 48, 52]
surface	7.5	[67, 41, 45, 48, 52]
surface	8.0	[67, 43, 47, 50, 53]
reduction	8.0	[67, 43, 47, 50, 53]
surface	9.0	[64, 43, 47, 50, 53]
surface	10.0	[64, 43, 47, 50, 53]
surface	11.0	[62, 43, 47, 50, 53]
surface	11.5	[67, 43, 47, 50, 53]
surface	12.0	[67, 43, 47, 50, 53]
reduction	12.0	[62, 43, 47, 50, 53]
surface	12.5	[67, 43, 47, 50, 53]
surface	13.0	[64, 43, 47, 50, 53]
surface	13.5	[64, 43, 47, 50, 53]
surface	14.0	[64, 43, 47, 50, 53]
surface	14.5	[64, 43, 47, 50, 53]
surface	15.0	[62, 43, 47, 50, 53]
surface	15.5	[65, 43, 47, 50, 53]
grouping	16.0	[58]
surface	16.0	[65, 43, 46, 50, 53]
reduction	16.0	[65, 43, 46, 50, 53]
surface	16.5	[62, 43, 46, 50, 53]
surface	17.5	[62, 43, 46, 50, 53]
surface	18.0	[62, 43, 46, 50, 53]
reduction	18.0	[62, 43, 46, 50, 53]
surface	18.5	[62, 43, 46, 50, 53]
surface	19.0	[60, 43, 46, 50, 53]
surface	19.5	[64, 43, 46, 50, 53]
surface	20.0	[64, 42, 46, 49, 52]
reduction	20.0	[58, 42, 46, 49, 52]
surface	20.5	[60, 42, 46, 49, 52]
surface	21.5	[60, 42, 46, 49, 52]
surface	22.5	[60, 42, 46, 49, 52]
surface	23.0	[58, 42, 46, 49, 52]
surface	24.0	[41, 45, 48, 52]
reduction	24.0	[60, 41, 45, 48, 52]
surface	25.0	[60, 41, 45, 48, 52]
surface	28.0	[60, 42, 46, 49, 52]
reduction	28.0	[60, 42, 46, 49, 52]
surface	32.0	[41, 45, 48, 52]
reduction	32.0	[60, 41, 45, 48, 52]
surface	33.0	[60, 41, 45, 48, 52]
surface	36.0	[60, 41, 45, 48, 52]
reduction	36.0	[60, 41, 45, 48, 52]
grouping	40.0	[58, 62, 65]
surface	40.0	[65, 42, 46, 49, 53]
reduction	40.0	[65, 42, 46, 49, 53]
surface	44.0	[65, 42, 46, 49, 53]
reduction	44.0	[65, 42, 46, 49, 53]
surface	44.6666666667	[66, 42, 46, 49, 53]
surface	45.3333333333	[65, 42, 46, 49, 53]
surface	46.0	[63, 42, 46, 49, 53]
surface	46.6666666667	[65, 42, 46, 49, 53]
surface	47.3333333333	[63, 42, 46, 49, 53]
surface	48.0	[61, 47, 51, 54, 57]
reduction	48.0	[63, 47, 51, 54, 57]
surface	49.5	[63, 47, 51, 54, 57]
surface	50.0	[63, 47, 51, 54, 57]
surface	52.0	[63, 47, 51, 54, 57]
reduction	52.0	[63, 47, 51, 54, 57]
surface	55.5	[68, 47, 51, 54, 57]
grouping	56.0	[58, 62]
surface	56.0	[68, 42, 45, 49, 52]
reduction	56.0	[68, 42, 45, 49, 52]
surface	60.0	[68, 42, 45, 49, 52]
reduction	60.0	[68, 42, 45, 49, 52]
surface	60.6666666667	[69, 42, 45, 49, 52]
surface	61.3333333333	[68, 42, 45, 49, 52]
surface	62.0	[66, 42, 45, 49, 52]
surface	62.6666666667	[68, 42, 45, 49, 52]
surface	63.3333333333	[66, 42, 45, 49, 52]
surface	64.0	[64, 50, 54, 57, 60]
reduction	64.0	[66, 50, 54, 57, 60]
surface	65.5	[66, 50, 54, 57, 60]
surface	66.0	[66, 50, 54, 57, 60]
surface	68.0	[66, 50, 54, 57, 60]
reduction	68.0	[66, 50, 54, 57, 60]
surface	71.5	[69, 50, 54, 57, 60]
grouping	72.0	[58]
surface	72.0	[69, 43, 46, 50, 53]
reduction	72.0	[69, 43, 46, 50, 53]
surface	76.0	[69, 43, 46, 50, 53]
reduction	76.0	[69, 43, 46, 50, 53]
surface	76.6666666667	[70, 43, 46, 50, 53]
surface	77.3333333333	[69, 43, 46, 50, 53]
surface	78.0	[67, 43, 46, 50, 53]
surface	78.6666666667	[69, 43, 46, 50, 53]
surface	79.3333333333	[67, 43, 46, 50, 53]
surface	80.0	[65, 51, 55, 58, 61]
reduction	80.0	[67, 51, 55, 58, 61]
surface	81.5	[67, 51, 55, 58, 61]
surface	82.0	[67, 51, 55, 58, 61]
surface	84.0	[67, 51, 55, 58, 61]
reduction	84.0	[67, 51, 55, 58, 61]
grouping	86.0	[58]
surface	86.6666666667	[69, 51, 55, 58, 61]
surface	87.3333333333	[70, 51, 55, 58, 61]
surface	88.0	[72, 45, 48, 52, 55]
reduction	88.0	[60, 45, 48, 52, 55]
surface	88.6666666667	[60, 45, 48, 52, 55]
surface	89.3333333333	[62, 45, 48, 52, 55]
surface	90.0	[64, 45, 48, 52, 55]
reduction	90.0	[64, 45, 48, 52, 55]
surface	90.6666666667	[65, 45, 48, 52, 55]
surface	91.3333333333	[67, 45, 48, 52, 55]
surface	92.0	[68, 50, 54, 57, 60, 63]
reduction	92.0	[68, 50, 54, 57, 60, 63]
reduction	94.0	[69, 50, 54, 57, 60, 63]
surface	95.0	[69, 50, 54, 57, 60, 63]
surface	96.0	[70, 43, 46, 50, 53]
reduction	96.0	[58, 43, 46, 50, 53]
surface	96.6666666667	[58, 43, 46, 50, 53]
surface	97.3333333333	[60, 43, 46, 50, 53]
surface	98.0	[62, 43, 46, 50, 53]
reduction	98.0	[62, 43, 46, 50, 53]
surface	98.6666666667	[64, 43, 46, 50, 53]
surface	99.3333333333	[65, 43, 46, 50, 53]
surface	100.0	[66, 48, 52, 55, 58, 61]
reduction	100.0	[66, 48, 52, 55, 58, 61]
reduction	102.0	[67, 48, 52, 55, 58, 61]
grouping	104.0	[58, 62]
surface	104.0	[67, 41, 45, 48, 52]
reduction	104.0	[67, 41, 45, 48, 52]
surface	105.5	[64, 41, 45, 48, 52]
surface	106.0	[64, 41, 45, 48, 52]
surface	106.5	[62, 41, 45, 48, 52]
surface	107.5	[67, 41, 45, 48, 52]
surface	108.0	[67, 41, 45, 48, 52]
reduction	108.0	[64, 41, 45, 48, 52]
surface	109.0	[64, 41, 45, 48, 52]
surface	109.5	[64, 41, 45, 48, 52]
surface	110.0	[64, 41, 45, 48, 52]
surface	110.5	[64, 41, 45, 48, 52]
surface	111.0	[62, 41, 45, 48, 52]
surface	111.5	[67, 41, 45, 48, 52]
surface	112.0	[67, 43, 47, 50, 53]
reduction	112.0	[67, 43, 47, 50, 53]
surface	113.0	[64, 43, 47, 50, 53]
surface	114.0	[64, 43, 47, 50, 53]
surface	115.0	[62, 43, 47, 50, 53]
surface	115.5	[67, 43, 47, 50, 53]
surface	116.0	[67, 43, 47, 50, 53]
reduction	116.0	[62, 43, 47, 50, 53]
surface	116.5	[67, 43, 47, 50, 53]
surface	117.0	[64, 43, 47, 50, 53]
surface	117.5	[64, 43, 47, 50, 53]
surface	118.0	[64, 43, 47, 50, 53]
surface	118.5	[64, 43, 47, 50, 53]
surface	119.0	[62, 43, 47, 50, 53]
surface	119.5	[69, 43, 47, 50, 53]
grouping	120.0	[58]
surface	120.0	[69, 43, 46, 50, 53]
reduction	120.0	[69, 43, 46, 50, 53]
surface	121.5	[65, 43, 46, 50, 53]
surface	122.0	[65, 43, 46, 50, 53]
reduction	122.0	[65, 43, 46, 50, 53]
surface	122.5	[65, 43, 46, 50, 53]
surface	123.0	[62, 43, 46, 50, 53]
surface	123.5	[72, 43, 46, 50, 53]
surface	124.0	[72, 42, 46, 49, 52]
reduction	124.0	[72, 42, 46, 49, 52]
surface	125.5	[64, 42, 46, 49, 52]
surface	126.0	[64, 42, 46, 49, 52]
surface	126.666666667	[64, 42, 46, 49, 52]
surface	127.333333333	[62, 42, 46, 49, 52]
surface	128.0	[64, 41, 45, 48, 52]
reduction	128.0	[64, 41, 45, 48, 52]
surface	132.0	[64, 42, 46, 49, 52]
reduction	132.0	[64, 42, 46, 49, 52]
