tonality	0.0	[62, 64, 66, 67, 69, 71, 73]
grouping	0.0	[64]
surface	0.0	[71, 50, 53, 57, 60]
reduction	0.0	[50, 53, 57, 60]
surface	2.0	[71, 43, 47, 50, 64]
reduction	2.0	[43, 47, 50, 64]
surface	4.0	[71, 50, 53, 57, 60]
reduction	4.0	[50, 53, 57, 60]
surface	6.0	[71, 43, 47, 50, 64]
reduction	6.0	[43, 47, 50, 64]
surface	8.0	[71, 50, 53, 57, 60]
reduction	8.0	[50, 53, 57, 60]
surface	10.0	[71, 43, 47, 50, 64]
reduction	10.0	[43, 47, 50, 64]
surface	12.0	[71, 50, 53, 57, 60]
reduction	12.0	[50, 53, 57, 60]
grouping	14.0	[64, 67, 71]
surface	14.0	[71, 43, 47, 50, 64]
reduction	14.0	[71, 43, 47, 50, 64]
surface	15.0	[74, 43, 47, 50, 64]
surface	15.5	[73, 43, 47, 50, 64]
surface	16.0	[69, 50, 54, 57, 61]
reduction	16.0	[69, 50, 54, 57, 61]
surface	19.5	[66, 50, 54, 57, 61]
surface	20.0	[67, 46, 49, 52, 55]
reduction	20.0	[67, 46, 49, 52, 55]
surface	20.5	[70, 46, 49, 52, 55]
surface	21.0	[73, 46, 49, 52, 55]
surface	21.5	[76, 46, 49, 52, 55]
surface	22.0	[79, 46, 49, 52, 55]
reduction	22.0	[78, 46, 49, 52, 55]
surface	22.5	[78, 46, 49, 52, 55]
surface	23.5	[81, 46, 49, 52, 55]
surface	24.0	[81, 45, 48, 52, 55]
reduction	24.0	[81, 45, 48, 52, 55]
grouping	28.0	[64, 67]
surface	28.0	[50, 54, 57, 60, 63]
reduction	28.0	[81, 50, 54, 57, 60, 63]
surface	29.0	[81, 50, 54, 57, 60, 63]
surface	29.5	[81, 50, 54, 57, 60, 63]
surface	30.5	[83, 50, 54, 57, 60, 63]
surface	31.5	[81, 50, 54, 57, 60, 63]
surface	32.0	[81, 43, 47, 50, 54]
reduction	32.0	[79, 43, 47, 50, 54]
surface	32.5	[79, 43, 47, 50, 54]
surface	33.5	[79, 43, 47, 50, 54]
surface	34.0	[78, 43, 47, 50, 54]
surface	35.0	[79, 43, 47, 50, 54]
surface	36.0	[79, 43, 46, 50, 52]
reduction	36.0	[79, 43, 46, 50, 52]
surface	37.0	[78, 43, 46, 50, 52]
surface	37.5	[79, 43, 46, 50, 52]
surface	38.5	[81, 43, 46, 50, 52]
surface	39.5	[78, 43, 46, 50, 52]
surface	40.0	[78, 42, 46, 49, 63]
reduction	40.0	[78, 42, 46, 49, 63]
surface	42.0	[78, 42, 46, 49, 53]
reduction	42.0	[78, 42, 46, 49, 53]
grouping	44.0	[64]
surface	44.0	[47, 51, 54, 61]
reduction	44.0	[78, 47, 51, 54, 57, 61]
surface	44.5	[78, 47, 51, 54, 61]
surface	45.0	[81, 47, 51, 54, 61]
reduction	45.0	[81, 47, 51, 54, 57, 61]
surface	45.5	[80, 47, 51, 54, 61]
surface	46.0	[79, 47, 51, 54, 57, 60]
reduction	46.0	[78, 47, 51, 54, 57, 60]
surface	46.5	[78, 47, 51, 54, 57, 60]
surface	47.5	[78, 47, 51, 54, 57, 60]
surface	48.0	[78, 40, 47, 50, 54, 57]
reduction	48.0	[74, 40, 47, 50, 54, 57]
surface	48.5	[74, 40, 47, 50, 54, 57]
surface	49.0	[74, 40, 47, 50, 54, 57]
surface	49.5	[74, 40, 47, 50, 54, 57]
surface	50.0	[74, 40, 44, 47, 50]
reduction	50.0	[74, 40, 44, 47, 50]
surface	50.5	[71, 40, 44, 47, 50]
surface	51.0	[74, 40, 44, 47, 50]
surface	51.5	[76, 40, 44, 47, 50]
surface	52.0	[77, 46, 50, 53, 60]
reduction	52.0	[77, 46, 50, 53, 60]
surface	52.5	[74, 46, 50, 53, 60]
surface	53.0	[72, 46, 50, 53, 60]
surface	53.5	[68, 46, 50, 53, 60]
surface	54.0	[67, 45, 49, 52, 55]
reduction	54.0	[65, 45, 49, 52, 55]
surface	54.5	[65, 45, 49, 52, 55]
surface	55.5	[65, 45, 49, 52, 55]
surface	56.0	[65, 50, 53, 57, 60]
reduction	56.0	[62, 50, 53, 57, 60]
surface	56.5	[62, 50, 53, 57, 60]
surface	58.0	[62, 43, 47, 50, 64]
reduction	58.0	[62, 43, 47, 50, 64]
surface	60.0	[62, 50, 53, 57, 60]
reduction	60.0	[62, 50, 53, 57, 60]
grouping	62.0	[64, 67, 71]
surface	62.0	[43, 47, 50, 64]
reduction	62.0	[71, 43, 47, 50, 64]
surface	62.5	[71, 43, 47, 50, 64]
surface	63.0	[74, 43, 47, 50, 64]
surface	63.5	[73, 43, 47, 50, 64]
surface	64.0	[62, 50, 53, 57, 60]
reduction	64.0	[62, 50, 53, 57, 60]
surface	66.0	[62, 43, 47, 50, 64]
reduction	66.0	[62, 43, 47, 50, 64]
grouping	68.0	[64, 67]
surface	68.0	[74, 46, 55, 62, 66]
reduction	68.0	[74, 46, 55, 62, 66]
surface	70.0	[72, 46, 55, 62, 66]
surface	70.6666666667	[70, 46, 55, 62, 66]
surface	71.3333333333	[69, 46, 55, 62, 66]
surface	72.0	[67, 46, 48, 52, 55, 62]
reduction	72.0	[67, 46, 48, 52, 55, 62]
surface	74.0	[69, 46, 48, 52, 55, 62]
surface	74.6666666667	[70, 46, 48, 52, 55, 62]
surface	75.3333333333	[74, 46, 48, 52, 55, 62]
surface	76.0	[72, 45, 53, 57, 60, 64]
reduction	76.0	[72, 45, 53, 57, 60, 64]
surface	77.5	[72, 45, 53, 57, 60, 64]
surface	78.0	[72, 45, 53, 57, 60, 64]
surface	80.0	[72, 45, 53, 57, 60, 64]
reduction	80.0	[72, 45, 53, 57, 60, 64]
grouping	84.0	[64]
surface	84.0	[72, 44, 53, 61, 63]
reduction	84.0	[72, 44, 53, 61, 63]
surface	86.0	[72, 44, 53, 61, 63]
surface	86.5	[70, 44, 53, 61, 63]
surface	87.0	[68, 44, 53, 61, 63]
surface	87.5	[67, 44, 53, 61, 63]
surface	88.0	[65, 44, 46, 50, 53, 61]
reduction	88.0	[65, 44, 46, 50, 53, 61]
surface	90.0	[67, 44, 46, 50, 53, 61]
surface	90.6666666667	[68, 44, 46, 50, 53, 61]
surface	91.3333333333	[72, 44, 46, 50, 53, 61]
surface	92.0	[70, 43, 51, 58, 62]
reduction	92.0	[70, 43, 51, 58, 62]
surface	93.5	[70, 43, 51, 58, 62]
surface	94.0	[70, 43, 51, 58, 62]
surface	96.0	[70, 45, 49, 52, 55, 58]
reduction	96.0	[70, 45, 49, 52, 55, 58]
grouping	98.0	[64, 67, 71]
reduction	98.0	[71, 45, 49, 52, 55, 58]
surface	98.5	[71, 45, 49, 52, 55, 58]
surface	99.0	[74, 45, 49, 52, 55, 58]
surface	99.5	[73, 45, 49, 52, 55, 58]
surface	100.0	[69, 50, 54, 57, 61]
reduction	100.0	[69, 50, 54, 57, 61]
surface	103.5	[66, 50, 54, 57, 61]
surface	104.0	[67, 46, 49, 52, 55]
reduction	104.0	[67, 46, 49, 52, 55]
surface	104.5	[70, 46, 49, 52, 55]
surface	105.0	[73, 46, 49, 52, 55]
surface	105.5	[76, 46, 49, 52, 55]
surface	106.0	[79, 46, 49, 52, 55]
reduction	106.0	[78, 46, 49, 52, 55]
surface	106.5	[78, 46, 49, 52, 55]
surface	107.5	[81, 46, 49, 52, 55]
surface	108.0	[81, 45, 48, 52, 55]
reduction	108.0	[81, 45, 48, 52, 55]
grouping	112.0	[64, 67]
surface	112.0	[50, 54, 57, 60, 63]
reduction	112.0	[81, 50, 54, 57, 60, 63]
surface	113.0	[81, 50, 54, 57, 60, 63]
surface	113.5	[81, 50, 54, 57, 60, 63]
surface	114.5	[83, 50, 54, 57, 60, 63]
surface	115.5	[81, 50, 54, 57, 60, 63]
surface	116.0	[81, 43, 47, 50, 54]
reduction	116.0	[79, 43, 47, 50, 54]
surface	116.5	[79, 43, 47, 50, 54]
surface	117.5	[79, 43, 47, 50, 54]
surface	118.0	[78, 43, 47, 50, 54]
surface	119.0	[79, 43, 47, 50, 54]
surface	120.0	[79, 43, 46, 50, 52]
reduction	120.0	[79, 43, 46, 50, 52]
surface	121.0	[78, 43, 46, 50, 52]
surface	121.5	[79, 43, 46, 50, 52]
surface	122.5	[81, 43, 46, 50, 52]
surface	123.5	[78, 43, 46, 50, 52]
surface	124.0	[78, 42, 46, 49, 63]
reduction	124.0	[78, 42, 46, 49, 63]
surface	126.0	[78, 42, 46, 49, 53]
reduction	126.0	[78, 42, 46, 49, 53]
grouping	128.0	[64]
surface	128.0	[47, 51, 54, 57, 61]
reduction	128.0	[78, 47, 51, 54, 57, 61]
surface	128.5	[78, 47, 51, 54, 57, 61]
surface	129.0	[81, 47, 51, 54, 57, 61]
surface	129.5	[80, 47, 51, 54, 57, 61]
surface	130.0	[79, 47, 51, 54, 57, 60]
reduction	130.0	[78, 47, 51, 54, 57, 60]
surface	130.5	[78, 47, 51, 54, 57, 60]
surface	131.5	[78, 47, 51, 54, 57, 60]
surface	132.0	[78, 40, 47, 50, 54, 57]
reduction	132.0	[74, 40, 47, 50, 54, 57]
surface	132.5	[74, 40, 47, 50, 54, 57]
surface	133.0	[74, 40, 47, 50, 54, 57]
surface	133.5	[74, 40, 47, 50, 54, 57]
surface	134.0	[74, 40, 44, 47, 50]
reduction	134.0	[74, 40, 44, 47, 50]
surface	134.5	[71, 40, 44, 47, 50]
surface	135.0	[74, 40, 44, 47, 50]
surface	135.5	[76, 40, 44, 47, 50]
surface	136.0	[77, 46, 50, 54, 60]
reduction	136.0	[77, 46, 50, 53, 60]
surface	136.5	[74, 46, 50, 54, 60]
surface	137.0	[72, 46, 50, 54, 60]
surface	137.5	[68, 46, 50, 54, 60]
surface	138.0	[67, 45, 49, 52, 55]
reduction	138.0	[65, 45, 49, 52, 55]
surface	138.5	[65, 45, 49, 52, 55]
surface	139.5	[65, 45, 49, 52, 55]
tonality	140.0	[62, 64, 66, 67, 69, 71, 72]
surface	140.0	[65, 50, 53, 57, 60]
reduction	140.0	[62, 50, 53, 57, 60]
surface	140.5	[62, 50, 53, 57, 60]
surface	142.0	[62, 43, 47, 50, 64]
reduction	142.0	[62, 43, 47, 50, 52]
surface	144.0	[62, 50, 53, 57, 60]
reduction	144.0	[62, 50, 53, 57, 60]
surface	146.0	[62, 43, 47, 50, 64]
reduction	146.0	[62, 43, 47, 50, 64]
surface	148.0	[62, 50, 53, 57, 60]
reduction	148.0	[62, 50, 53, 57, 60]
